167936
135168
143360
139264
819201048576
176128
778241048576
135168
135168
860161048576
147456
147456
139264
139264
106496
1064961048576
3502080
3502080
3506176
3522560
3506176
3493888
3506176
3506176
3506176
3506176
3395584
3244032
3096576
3072000
3084288
2965504
2932736
2854912
2760704
2756608
2699264
2555904
2461696
2392064
2342912
2232320
2117632
2109440
2109440
1957888
1966080
1728512
1605632
1617920
1515520
1392640
1384448
1302528
1249280
1011712
8110081048576
3584000
3584000
3584000
3584000
3584000
3584000
3584000
35840001048576
3584000
3584000
3584000
3584000
3522560
3538944
3518464
3534848
3530752
3399680
3276800
3268608
3178496
3059712
3063808
3043328
2891776
2854912
2736128
2547712
2334720
2326528
2273280
2183168
2191360
2146304
1994752
1904640
1568768
1548288
1433600
1376256
1363968
1355776
1220608
1060864
9256961048576
3604480
3604480
3604480
3604480
3616768
3616768
3538944
3530752
3461120
3424256
3272704
3145728
3137536
2932736
2777088
2678784
2678784
2674688
2461696
2445312
2330624
2330624
2166784
2170880
2088960
2035712
1929216
1830912
1708032
1638400
1499136
1433600
1175552
1134592
1052672
8683521048576
3760128
3678208
3678208
3678208
3682304
3682304
3661824
36618241048576
3612672
3612672
3612672
3612672
3391488
3358720
3272704
3162112
3112960
3055616
2998272
2961408
2961408
2826240
2756608
2686976
2580480
2539520
2486272
2502656
2502656
2285568
2084864
1990656
1937408
1830912
1744896
1605632
1601536
1609728
1589248
1486848
1363968
1363968
1249280
1228800
1138688
1122304
9011201048576
3960832
3960832
3837952
3764224
3764224
3751936
3690496
3690496
3686400
3698688
3698688
3608576
3616768
3551232
3506176
3297280
3174400
3100672
3047424
2891776
2813952
2818048
2748416
27484161048576
3616768
3403776
3375104
3305472
3256320
3108864
3006464
2990080
2916352
2813952
2752512
2695168
2682880
2613248
2465792
2416640
2314240
2228224
2125824
2039808
1978368
1945600
1855488
1613824
1630208
1560576
1482752
1327104
1150976
950272
868352
868352
872448
794624
675840
569344
425984
364544
331776
229376
139264
98304
983041048576
3596288
3600384
3612672
3522560
3497984
3379200
3321856
3203072
3198976
3190784
3043328
2912256
2822144
2646016
2617344
2473984
2482176
2301952
2228224
2146304
2134016
1978368
1961984
1830912
1806336
1687552
1638400
1523712
1482752
1372160
1380352
1286144
1093632
8642561048576
3629056
3399680
3387392
3375104
3317760
3219456
3170304
3022848
2953216
2895872
2867200
2850816
2826240
2760704
2670592
2502656
2297856
2260992
2023424
2019328
1982464
1802240
1712128
1691648
1658880
1511424
1462272
1470464
1433600
1409024
1368064
1269760
1269760
1220608
1130496
9748481048576
3563520
3563520
3543040
3551232
3551232
3551232
3551232
3465216
3342336
3252224
3158016
3047424
2895872
2793472
2658304
2551808
2437120
2334720
2174976
2007040
2007040
1912832
1806336
1798144
1642496
1613824
1478656
1298432
1122304
909312
737280
630784
512000
491520
458752
352256
286720
262144
200704
184320
131072
573441048576
3600384
3604480
3600384
3612672
3612672
3555328
3555328
3481600
3489792
3457024
3354624
3227648
3063808
2924544
2834432
2646016
2658304
2531328
2547712
2445312
2379776
2273280
2023424
2002944
1945600
1884160
1810432
18104321048576
3653632
3653632
3575808
3547136
3559424
3538944
3399680
3416064
3313664
3313664
3305472
3121152
2936832
2936832
29368321048576
3657728
3579904
3383296
3330048
3293184
3215360
3174400
3035136
2867200
2859008
28590081048576
3649536
3653632
3633152
3649536
3641344
3559424
3559424
3559424
3551232
3551232
3448832
3350528
3260416
3248128
3239936
2985984
2793472
2715648
2654208
2539520
2482176
2326528
2134016
1912832
1888256
1744896
1679360
16793601048576
3551232
3551232
3436544
3403776
3387392
3194880
2981888
2895872
2887680
2768896
2568192
2433024
2285568
2125824
2109440
1953792
1953792
1966080
1921024
1748992
1691648
1474560
1454080
1413120
1339392
13393921048576
3551232
3497984
3510272
3436544
3223552
3153920
3035136
3039232
3010560
2912256
2928640
2940928
2936832
2826240
2662400
2592768
2555904
2527232
2367488
2363392
2310144
1994752
1896448
1720320
1716224
1552384
1552384
1429504
14295041048576
3502080
3502080
3502080
3502080
3506176
3506176
3432448
3305472
3223552
3215360
3145728
2961408
2740224
2707456
2576384
2510848
2408448
2383872
2363392
2244608
2101248
21012481048576
3465216
3248128
3198976
3067904
2973696
2895872
2838528
2797568
2777088
2777088
2764800
2699264
2637824
2428928
2281472
2138112
2015232
1982464
1806336
1662976
1482752
1478656
1404928
1409024
1380352
1155072
1089536
9175041048576
3514368
3518464
35184641048576
3600384
3600384
3608576
3514368
3489792
3497984
34979841048576
3526656
3514368
3518464
3518464
3514368
3518464
3461120
3387392
3362816
3244032
3244032
3153920
3121152
3092480
3059712
2977792
2969600
2789376
2678784
2682880
2486272
2457600
2293760
2277376
2232320
2064384
1884160
1708032
1654784
1384448
1372160
1286144
1253376
1216512
1052672
9502721048576
3567616
3522560
3514368
3518464
3506176
3457024
3371008
3293184
3272704
3244032
3235840
3158016
3121152
3035136
3047424
2940928
2916352
2797568
2699264
2613248
2580480
2527232
2404352
2256896
22568961048576
3616768
3620864
3571712
3563520
3416064
3350528
3297280
3092480
3018752
2961408
2965504
2940928
2875392
2838528
2830336
2727936
2510848
2289664
2170880
1949696
1843200
1785856
1634304
1495040
1429504
1425408
1388544
1269760
1204224
1097728
9666561048576
3588096
3588096
3604480
3588096
3588096
3588096
3588096
3436544
3399680
3407872
3371008
3334144
3178496
3112960
3035136
3031040
2928640
2928640
2863104
2777088
2686976
2641920
2547712
2498560
2461696
2478080
2465792
2318336
2154496
1978368
1921024
1671168
1556480
1462272
1384448
1372160
1200128
1077248
9584641048576
3633152
3543040
3493888
3444736
3325952
3309568
3215360
3112960
2998272
2777088
2637824
2600960
2547712
25477121048576
3923968
3923968
3911680
3923968
3923968
3854336
3854336
3854336
3616768
3608576
3608576
3592192
3592192
3592192
3604480
3604480
3579904
3547136
3547136
3358720
3293184
3293184
3235840
3248128
3158016
3055616
3035136
2945024
2736128
2637824
2527232
2408448
2179072
2174976
2011136
1916928
1900544
1798144
1613824
1593344
1589248
1560576
1556480
1544192
1400832
1359872
1273856
1265664
1253376
1167360
978944
876544
786432
688128
630784
593920
528384
434176
348160
274432
196608
1966081048576
3592192
3506176
3514368
3473408
3309568
3194880
3158016
3133440
3121152
3031040
2977792
2957312
2973696
2768896
2723840
2560000
2551808
2473984
2412544
2375680
2248704
2121728
1941504
1937408
1851392
1863680
1847296
1810432
1720320
1466368
1441792
1347584
1155072
1003520
7987201048576
3506176
3358720
3301376
3276800
3059712
3076096
3051520
2998272
2891776
2740224
2551808
2437120
2310144
2289664
2150400
2154496
2109440
1941504
1798144
1683456
1634304
1650688
1642496
1622016
1601536
1568768
1462272
1458176
1351680
1183744
1110016
1015808
999424
958464
892928
847872
749568
741376
741376
741376
663552
602112
557056
516096
454656
458752
380928
3809281048576
3907584
3907584
3911680
3911680
3928064
3932160
3928064
3928064
3928064
3813376
3813376
3801088
3690496
3690496
3579904
3592192
3563520
3342336
3293184
3170304
3088384
3014656
2912256
2879488
2842624
2801664
2691072
2527232
2387968
2314240
2191360
2117632
2056192
1912832
1851392
1687552
1568768
1380352
1298432
1294336
1232896
1241088
1208320
1007616
9338881048576
3555328
3526656
3522560
3321856
3108864
3080192
3022848
2899968
2908160
2699264
2682880
2502656
2441216
2428928
2392064
2404352
2383872
23838721048576
3813376
3813376
3821568
3715072
3715072
3624960
3571712
3571712
3563520
3563520
3563520
3403776
3207168
3190784
3153920
2981888
2863104
2813952
2736128
2625536
2543616
2453504
2310144
2170880
2138112
2121728
2076672
1949696
1830912
1753088
1597440
1589248
1556480
1486848
1503232
1277952
1216512
1105920
9994241048576
3645440
3645440
3559424
3502080
3272704
3215360
3186688
3141632
2998272
2891776
2805760
2617344
2555904
2498560
2465792
2301952
2195456
2187264
2142208
1986560
1994752
1794048
1585152
1421312
1167360
9953281048576
3514368
3514368
3514368
3383296
3227648
2990080
2797568
2785280
2740224
27402241048576
3571712
3571712
3571712
3571712
3584000
3571712
3571712
3485696
3485696
3375104
3358720
3305472
3301376
3211264
3129344
3084288
2908160
2895872
2813952
2793472
2789376
2772992
2764800
2666496
2600960
2449408
2433024
2437120
2412544
2371584
2285568
2179072
2138112
2084864
1949696
1933312
1904640
1896448
1748992
1748992
1728512
1622016
1613824
1478656
1478656
1454080
1339392
13393921048576
3932160
3932160
3932160
3940352
3940352
3940352
3940352
3940352
3874816
3854336
3858432
3776512
3756032
3756032
3637248
3645440
3645440
3633152
3633152
3522560
3383296
3362816
3248128
3235840
3182592
3178496
3112960
3125248
2994176
2940928
2789376
2695168
2527232
2330624
2301952
2162688
1994752
1986560
1921024
1822720
1802240
1806336
1802240
1708032
1650688
1482752
1441792
1454080
1249280
1146880
9502721048576
3592192
3526656
3457024
3383296
3276800
3203072
3153920
2977792
2977792
2867200
2875392
2793472
2686976
2686976
2609152
2494464
2461696
2441216
2334720
2277376
2011136
2019328
1949696
1966080
1859584
1798144
1789952
1630208
1601536
1515520
1511424
1519616
1372160
1232896
1081344
1056768
9789441048576
4120576
4120576
4120576
41205761048576
4136960
4136960
4141056
4141056
4141056
4149248
4149248
4149248
4149248
4149248
4153344
4153344
41533441048576
4276224
4263936
4263936
4120576
4120576
4120576
4038656
4038656
4038656
4038656
4038656
4005888
4005888
4005888
4005888
4005888
3911680
3817472
3821568
3821568
3829760
3829760
3825664
3739648
3739648
3682304
3649536
3649536
3608576
3616768
3616768
3604480
3616768
3588096
3588096
3592192
3596288
3567616
3559424
3469312
3440640
3162112
3084288
3067904
2961408
2949120
2928640
2875392
2772992
2666496
2580480
2428928
2236416
2166784
2138112
2121728
2134016
2093056
2101248
2068480
1986560
1978368
1871872
1716224
1703936
1617920
1617920
1626112
1626112
1445888
1347584
1290240
1105920
1069056
9912321048576
3616768
3514368
3395584
3334144
3325952
3231744
3108864
3031040
3010560
2924544
2887680
2830336
2838528
2781184
2707456
2613248
2494464
2457600
2396160
2379776
2281472
2277376
2211840
2023424
2011136
1896448
1835008
1708032
1593344
1511424
1433600
1359872
1314816
1097728
9625601048576
4222976
4222976
4227072
4231168
4231168
4087808
4087808
4087808
4096000
4096000
4096000
4091904
4091904
4087808
4087808
4055040
4026368
4026368
4030464
40304641048576
4005888
4005888
4014080
4014080
3997696
3997696
4005888
4005888
3915776
3915776
3858432
3780608
3682304
3624960
3538944
3543040
3502080
3440640
3321856
3215360
3219456
3117056
3002368
2916352
2875392
2867200
2695168
2691072
2707456
2551808
2420736
2220032
2220032
2015232
1990656
1830912
1847296
1601536
1536000
1437696
1310720
1150976
9625601048576
3592192
3588096
3592192
3592192
3604480
3604480
3497984
3411968
3313664
3112960
2904064
2830336
2662400
26624001048576
3588096
3575808
3588096
3588096
3571712
35717121048576
3588096
3575808
3588096
3588096
3567616
3575808
35758081048576
3948544
3948544
3956736
3956736
3899392
3903488
3903488
3801088
3801088
3735552
3727360
3710976
3674112
3674112
3649536
3641344
3641344
3645440
3551232
3481600
3440640
3321856
3272704
3186688
3031040
3035136
2932736
2822144
2772992
2674688
2629632
2523136
2482176
2338816
2265088
2224128
2031616
1937408
1892352
1765376
17653761048576
3575808
3575808
3588096
3588096
3579904
35799041048576
3596288
3567616
3575808
3575808
3391488
3342336
3272704
3252224
3215360
3104768
3022848
2998272
2850816
2850816
2756608
2736128
2564096
2531328
2359296
2203648
2211840
2179072
2195456
1908736
1765376
1642496
1503232
1323008
1327104
1265664
1150976
1093632
9830401048576
4055040
4055040
4055040
40550401048576
4059136
4059136
4034560
4034560
4026368
4030464
4034560
4034560
3866624
3866624
3821568
3821568
3837952
3698688
3698688
3715072
3678208
3637248
3629056
3559424
3477504
3342336
3186688
3055616
2985984
2940928
2871296
2686976
2662400
2592768
2502656
2465792
2400256
2265088
2129920
2072576
1978368
1859584
1789952
1781760
1777664
1527808
1499136
1507328
1466368
1433600
1277952
1142784
987136
954368
950272
909312
733184
667648
589824
544768
503808
446464
339968
299008
221184
167936
184320
118784
126976
139264
1392641048576
3616768
3616768
3530752
3473408
3477504
3387392
3321856
3309568
3276800
3268608
3244032
3162112
2990080
2887680
2891776
2793472
2777088
2707456
2719744
2523136
2449408
2342912
2326528
2109440
1900544
1777664
1744896
1626112
1568768
1544192
1531904
1478656
1445888
1298432
1241088
1175552
1003520
9011201048576
3629056
3629056
3624960
3629056
3629056
3624960
3629056
3481600
3424256
3321856
3223552
3121152
3129344
3108864
3067904
2985984
2977792
2965504
2928640
2932736
2822144
2662400
2469888
2334720
2273280
2166784
2121728
2097152
2056192
1908736
1630208
1470464
1384448
1241088
1138688
1089536
9584641048576
3620864
3489792
3444736
3293184
3280896
3166208
3145728
2981888
2924544
2928640
29286401048576
3571712
3571712
3571712
3575808
3575808
3469312
3379200
3219456
3145728
3100672
3031040
2891776
2793472
2592768
2576384
2527232
2465792
2367488
2363392
2224128
2039808
1835008
1748992
1675264
1589248
1486848
1310720
1126400
1019904
8151041048576
3674112
3567616
3481600
3465216
3461120
3375104
3330048
3252224
3137536
31375361048576
4091904
4096000
4096000
4096000
4096000
4104192
4104192
4104192
4087808
4087808
4087808
4087808
4087808
3956736
3964928
3850240
3817472
3821568
3739648
3739648
3743744
3698688
3702784
3661824
3665920
3665920
3674112
3690496
3645440
3649536
3579904
3559424
3555328
3534848
3481600
3317760
3203072
3112960
3108864
31088641048576
3624960
3629056
3604480
36044801048576
3657728
3530752
3358720
3268608
3166208
3063808
2985984
2969600
2981888
2801664
2785280
2764800
2703360
2592768
2605056
2523136
2347008
2207744
2162688
2162688
2027520
2023424
1871872
1847296
1781760
1724416
1658880
1593344
1531904
1396736
1298432
1163264
946176
929792
835584
851968
729088
626688
569344
573440
479232
462848
385024
352256
360448
339968
339968
270336
151552
135168
143360
147456
126976
118784
114688
122880
942081048576
4100096
4100096
4100096
4096000
4096000
4096000
4034560
3891200
3891200
3801088
3801088
3727360
3686400
3686400
3543040
3489792
3399680
3317760
3321856
3330048
3108864
3096576
2990080
2985984
2879488
28794881048576
3637248
3641344
3526656
3518464
3391488
3342336
3358720
3215360
3203072
32030721048576
3624960
3571712
3428352
3239936
3248128
3227648
3153920
31539201048576
3629056
3489792
3276800
3289088
3104768
3031040
3022848
2940928
2920448
2727936
2662400
2662400
2674688
2605056
2392064
2330624
2158592
2166784
1974272
1839104
1835008
1708032
1703936
1617920
1585152
1421312
1409024
1273856
1269760
1245184
1077248
1044480
9461761048576
3641344
3641344
3592192
3608576
3620864
3596288
3440640
3403776
3284992
3219456
3162112
3039232
2961408
2854912
2867200
2727936
2678784
2547712
2564096
2449408
2396160
2162688
2174976
2064384
1916928
1916928
1921024
1933312
1736704
1650688
16506881048576
3694592
3596288
3592192
3551232
3354624
3239936
3129344
2920448
2928640
2760704
2732032
2576384
2412544
2351104
2187264
2109440
1978368
1961984
1978368
1912832
1728512
1626112
1634304
1470464
1245184
1249280
9134081048576
3624960
3624960
3547136
3428352
3342336
3239936
3227648
3207168
3043328
3014656
2998272
2932736
2838528
2822144
2785280
2736128
27361281048576
3579904
3579904
3506176
3473408
3387392
3149824
3129344
3108864
3088384
3002368
2945024
2887680
2875392
2801664
2777088
2752512
2732032
2551808
2260992
2265088
2244608
2260992
2203648
2129920
1871872
1761280
17612801048576
4087808
4087808
4087808
4100096
4100096
4100096
41000961048576
4116480
4116480
3923968
3923968
3923968
3940352
3944448
3932160
3870720
3870720
3887104
3887104
3887104
3899392
3899392
3899392
3907584
3907584
3907584
3887104
3887104
3850240
3792896
3792896
3649536
3592192
3592192
3571712
35717121048576
3588096
3579904
3579904
3579904
3444736
3444736
3420160
3416064
3203072
3215360
3100672
2879488
2887680
2846720
2863104
2777088
2711552
2519040
2453504
2289664
2269184
2265088
2121728
2015232
1925120
1810432
1695744
16957441048576
3584000
3584000
3588096
3588096
3567616
3579904
3579904
3596288
3596288
3506176
35061761048576
3575808
3579904
3575808
3575808
3547136
3547136
3350528
3346432
3223552
3133440
3121152
3063808
3055616
2994176
2973696
2830336
2801664
2551808
2285568
2093056
2068480
2031616
1937408
1925120
1798144
1810432
1732608
1732608
1708032
1617920
1470464
1269760
1228800
1159168
1171456
9912321048576
3649536
3649536
3596288
3526656
3526656
3399680
3248128
3252224
3256320
3162112
3141632
3026944
3022848
2928640
2822144
2744320
2732032
2691072
2519040
2486272
2424832
2318336
2179072
2097152
2080768
1970176
1970176
1847296
1851392
1818624
1744896
1757184
1720320
1699840
1654784
1540096
1413120
1261568
1093632
8683521048576
3670016
3665920
3670016
3596288
3416064
3313664
3284992
3145728
3092480
2936832
2727936
2613248
2621440
2527232
2392064
2215936
2056192
2035712
1961984
1978368
1916928
1757184
1523712
1413120
1384448
1290240
1167360
1019904
8683521048576
4186112
4186112
4059136
3960832
3960832
3915776
3768320
3768320
3772416
3686400
3686400
3686400
3690496
3690496
3645440
3649536
3571712
3588096
3555328
3338240
3227648
2985984
2969600
2732032
2682880
2670592
2658304
2465792
2387968
2351104
2326528
2256896
2199552
2048000
1986560
1974272
1929216
1843200
1769472
1773568
1720320
1601536
1544192
1556480
1417216
1302528
1257472
1040384
9256961048576
3604480
3555328
3571712
3526656
3448832
3362816
3178496
3170304
3166208
3035136
2990080
2887680
2707456
2580480
2596864
2494464
2424832
2260992
2146304
1937408
1945600
1929216
1826816
1810432
1675264
1683456
1601536
1511424
1413120
1409024
1323008
1323008
1277952
1269760
1286144
1241088
1159168
1044480
8519681048576
3584000
3575808
3584000
3584000
3584000
3584000
3592192
3584000
3584000
3493888
3334144
3342336
3112960
3026944
2945024
2846720
2801664
2805760
2772992
2756608
2564096
2371584
2260992
2179072
2084864
1974272
1908736
1912832
1794048
1789952
1773568
1736704
1662976
1638400
1642496
1630208
1486848
1437696
1302528
1261568
1241088
1097728
1056768
9093121048576
3575808
3465216
3391488
3276800
3252224
3211264
3166208
31662081048576
3579904
3579904
3551232
3567616
3579904
3588096
3588096
3588096
3571712
3575808
3457024
3457024
3264512
3145728
3063808
2871296
2818048
28180481048576
3579904
3579904
3579904
3579904
3547136
3444736
3317760
3330048
3231744
3203072
3047424
2932736
2879488
2646016
26460161048576
3948544
3948544
3948544
3960832
3960832
3960832
3960832
3960832
3960832
3960832
3960832
3960832
3923968
3936256
3813376
3772416
3772416
3772416
3731456
3731456
3710976
3710976
3645440
3588096
3440640
3366912
3203072
32030721048576
4075520
4009984
4009984
4022272
3956736
3956736
3960832
3964928
3964928
3940352
3940352
3731456
3698688
3702784
3571712
3428352
3379200
3276800
3268608
3186688
3088384
2981888
2822144
2809856
2666496
2555904
2514944
2383872
2301952
2297856
2240512
2023424
1961984
1970176
1867776
1572864
1589248
15892481048576
3702784
3665920
36659201048576
3702784
3694592
3698688
3702784
3702784
3698688
3698688
3584000
3588096
35880961048576
3993600
3956736
3956736
3956736
3964928
3964928
3944448
3948544
3948544
3915776
3915776
3821568
3776512
3776512
3649536
3653632
3514368
3497984
3264512
3260416
3223552
3072000
2985984
2883584
2883584
2826240
2625536
2600960
2469888
2473984
2375680
2277376
2252800
2150400
2101248
1982464
1863680
1777664
1765376
1605632
1544192
1429504
1425408
1314816
1273856
12738561048576
3649536
3649536
3657728
3661824
3534848
3428352
3403776
3391488
3354624
3244032
3203072
3031040
2945024
2904064
2613248
2486272
2355200
2162688
2117632
2048000
2048000
1933312
1818624
1736704
1748992
1671168
1462272
1323008
1142784
1142784
9748481048576
3649536
3641344
3657728
3657728
3657728
3657728
3657728
3477504
3477504
3457024
3391488
3342336
3280896
3268608
3260416
3198976
3141632
2949120
2932736
2830336
2781184
2560000
2482176
2457600
2387968
2367488
2371584
2293760
2199552
1929216
1802240
1703936
1687552
1429504
1355776
1253376
1142784
1130496
9994241048576
3649536
3637248
3551232
3465216
3395584
3301376
3215360
32153601048576
3637248
3637248
3448832
3383296
3280896
3289088
3182592
3186688
3170304
3006464
2936832
2945024
2842624
2801664
2703360
2715648
2523136
2523136
2498560
2404352
2277376
2187264
2195456
2060288
1949696
1953792
1867776
1855488
1773568
1572864
1572864
1515520
1269760
1064960
9953281048576
4100096
4079616
3969024
3887104
3801088
3801088
3764224
3723264
3723264
3678208
3690496
3690496
3690496
3698688
3715072
3731456
3735552
3624960
3629056
3579904
3518464
3411968
3276800
3227648
2985984
3002368
2912256
2732032
2547712
2383872
2191360
2191360
2162688
2056192
2002944
1925120
1798144
1773568
1765376
1708032
1622016
1429504
1212416
1126400
9871361048576
4100096
4108288
4108288
4038656
3964928
3964928
3919872
3833856
3833856
3821568
3829760
3756032
3739648
3739648
3706880
3690496
36904961048576
4190208
4194304
4194304
4194304
4194304
4194304
4194304
4194304
4194304
4198400
4198400
4190208
4190208
4190208
4186112
4169728
4169728
4112384
3952640
3891200
3899392
3899392
3837952
3850240
3850240
3719168
3694592
3657728
3641344
36413441048576
4014080
3923968
3805184
3788800
3788800
3751936
3756032
3756032
3493888
3497984
3502080
3465216
3477504
3321856
3137536
3117056
3039232
3026944
2965504
2850816
2736128
2609152
2584576
2408448
2387968
2301952
2236416
2244608
2056192
1933312
1679360
1695744
1609728
1540096
1429504
1368064
1200128
1114112
872448
847872
712704
630784
602112
544768
434176
438272
454656
368640
299008
274432
180224
180224
184320
196608
180224
196608
143360
143360
undefined
