114688
118784
126976
81920
159744
77824
118784
118784
86016
131072
131072
131072
122880
114688
106496
3440640
3465216
3489792
3469312
3489792
3489792
3489792
3489792
3448832
3489792
3489792
3256320
3153920
2998272
2912256
2928640
2768896
2875392
2830336
2629632
2748416
2662400
2404352
2334720
2203648
2256896
2109440
2023424
2088960
2076672
1830912
1916928
1564672
1536000
1609728
1486848
1372160
1273856
1294336
1236992
811008
3514368
3567616
3506176
3567616
3567616
3522560
3567616
3584000
3567616
3567616
3522560
3567616
3567616
3489792
3522560
3383296
3493888
3465216
3321856
3174400
3194880
3121152
3026944
2961408
2887680
2822144
2797568
2633728
2519040
2326528
2260992
2093056
2166784
2088960
2138112
1949696
1802240
1478656
1515520
1331200
1245184
1167360
1265664
1155072
925696
3543040
3543040
3588096
3473408
3592192
3600384
3604480
3526656
3305472
3223552
3272704
3235840
3067904
3112960
2805760
2711552
2641920
2457600
2555904
2367488
2396160
2170880
2273280
2142208
2056192
1875968
2023424
1765376
1724416
1675264
1495040
1318912
1327104
1105920
1105920
868352
3551232
3641344
3661824
3661824
3543040
3665920
3665920
3661824
3596288
3596288
3571712
3596288
3596288
3375104
3338240
3252224
3018752
3002368
3014656
2949120
2904064
2904064
2699264
2719744
2568192
2547712
2396160
2412544
2400256
2420736
2101248
1978368
1769472
1822720
1712128
1650688
1503232
1441792
1552384
1531904
1347584
1282048
1298432
1167360
1196032
1118208
901120
3874816
3944448
3956736
3833856
3747840
3747840
3674112
3674112
3674112
3682304
3682304
3608576
3551232
3588096
3485696
3461120
3174400
3076096
3035136
2875392
2809856
2772992
2707456
2748416
3596288
3600384
3325952
3321856
3260416
3244032
3043328
2883584
2965504
2912256
2777088
2531328
2637824
2469888
2428928
2244608
2334720
2195456
2121728
2076672
1966080
1953792
1888256
1798144
1466368
1470464
1478656
1327104
1261568
1114112
839680
733184
684032
757760
749568
618496
409600
299008
356352
274432
155648
126976
98304
3534848
3534848
3584000
3493888
3444736
3473408
3182592
3133440
3178496
3051520
3108864
2863104
2883584
2703360
2351104
2523136
2449408
2473984
2285568
2117632
1970176
2002944
1810432
1892352
1728512
1777664
1642496
1351680
1433600
1380352
1245184
1286144
1105920
864256
3612672
3543040
3305472
3346432
3330048
3280896
3006464
3117056
2809856
2879488
2818048
2772992
2768896
2756608
2637824
2654208
2306048
2097152
2158592
1810432
2007040
1933312
1617920
1470464
1613824
1531904
1380352
1372160
1429504
1200128
1314816
1200128
1200128
1064960
1146880
974848
3547136
3547136
3440640
3534848
3534848
3371008
3534848
3534848
3416064
3219456
3207168
3141632
2965504
2850816
2715648
2654208
2547712
2351104
2224128
2084864
1880064
1949696
1675264
1531904
1683456
1609728
1548288
1441792
1249280
1052672
712704
667648
622592
352256
425984
372736
253952
282624
159744
167936
139264
57344
3543040
3588096
3563520
3596288
3596288
3510272
3547136
3497984
3457024
3358720
3375104
3260416
3067904
3051520
2887680
2666496
2609152
2564096
2494464
2531328
2404352
2183168
2043904
1900544
1970176
1921024
1622016
1810432
3588096
3637248
3637248
3358720
3411968
3547136
3448832
3342336
3350528
3248128
3178496
3219456
3039232
2887680
2936832
3596288
3645440
3502080
3276800
3264512
3149824
3211264
2998272
3022848
2801664
2859008
3584000
3637248
3612672
3629056
3522560
3543040
3543040
3543040
3534848
3534848
3534848
3358720
3239936
3153920
3182592
3022848
2912256
2682880
2555904
2560000
2387968
2375680
2125824
2031616
1802240
1613824
1740800
1679360
3534848
3534848
3534848
3346432
3244032
3321856
3072000
2928640
2854912
2719744
2658304
2408448
2424832
2260992
2109440
2105344
1798144
1744896
1937408
1798144
1601536
1552384
1400832
1318912
1368064
1339392
3534848
3481600
3424256
3497984
3407872
3198976
2928640
3031040
2977792
2895872
2904064
2801664
2904064
2801664
2777088
2609152
2539520
2330624
2359296
2183168
2248704
2174976
1679360
1785856
1630208
1662976
1437696
1478656
1429504
3485696
3395584
3485696
3485696
3489792
3489792
3346432
3362816
3252224
3211264
3076096
3006464
2781184
2617344
2584576
2445312
2453504
2347008
2314240
2293760
2191360
2101248
3444736
3457024
3104768
3100672
2863104
2969600
2838528
2621440
2609152
2613248
2723840
2650112
2682880
2449408
2220032
2052096
2129920
1966080
1851392
1679360
1605632
1384448
1351680
1146880
1351680
1253376
1101824
917504
3452928
3502080
3518464
3584000
3584000
3477504
3497984
3506176
3321856
3497984
3510272
3379200
3502080
3502080
3428352
3502080
3502080
3268608
3272704
3313664
3133440
3190784
2932736
3092480
2957312
3018752
2908160
2822144
2572288
2547712
2650112
2461696
2445312
2109440
2240512
2187264
2019328
1789952
1630208
1409024
1331200
1323008
1142784
1171456
1146880
950272
3551232
3551232
3428352
3424256
3514368
3371008
3297280
3346432
3227648
3235840
3194880
3219456
3047424
2920448
2875392
2936832
2719744
2764800
2580480
2662400
2457600
2392064
2519040
2383872
2256896
3547136
3604480
3596288
3346432
3440640
3375104
3235840
3219456
2957312
2916352
2895872
2863104
2809856
2846720
2723840
2633728
2490368
2383872
2076672
2056192
1814528
1761280
1716224
1384448
1286144
1318912
1363968
1257472
1167360
1060864
966656
3571712
3571712
3584000
3571712
3571712
3481600
3571712
3551232
3284992
3235840
3383296
3354624
3280896
2953216
3072000
2891776
2945024
2912256
2859008
2764800
2629632
2494464
2621440
2392064
2359296
2387968
2355200
2260992
2260992
1908736
1843200
1789952
1556480
1421312
1368064
1228800
1249280
1122304
958464
3616768
3616768
3457024
3358720
3268608
3223552
3264512
3211264
3059712
2916352
2699264
2535424
2568192
2547712
3907584
3907584
3907584
3907584
3907584
3801088
3837952
3837952
3780608
3592192
3592192
3567616
3575808
3575808
3502080
3588096
3588096
3530752
3530752
3387392
3350528
3207168
3076096
3104768
3022848
3080192
3002368
2949120
2859008
2719744
2490368
2482176
2363392
2048000
2027520
1966080
1822720
1724416
1486848
1507328
1585152
1544192
1474560
1425408
1429504
1257472
1253376
1134592
1040384
1187840
1163264
786432
860160
757760
536576
507904
589824
360448
389120
233472
270336
196608
3493888
3575808
3325952
3416064
3379200
3178496
3117056
3121152
3010560
3014656
2940928
2854912
2756608
2785280
2703360
2678784
2428928
2449408
2256896
2347008
2056192
2174976
2105344
1769472
1740800
1703936
1691648
1773568
1687552
1523712
1454080
1417216
1273856
1130496
798720
3489792
3473408
3330048
3145728
3186688
2932736
2891776
2895872
2953216
2818048
2510848
2424832
2412544
2281472
2150400
2068480
2043904
2035712
1765376
1703936
1634304
1507328
1560576
1638400
1490944
1454080
1478656
1351680
1323008
1228800
1142784
1081344
1003520
991232
880640
864256
778240
630784
638976
704512
602112
569344
598016
499712
491520
397312
344064
380928
3891200
3891200
3764224
3895296
3756032
3911680
3776512
3911680
3911680
3796992
3796992
3796992
3670016
3674112
3674112
3575808
3547136
3547136
3239936
3252224
3166208
2990080
2887680
2781184
2826240
2711552
2670592
2666496
2289664
2195456
2244608
1957888
2088960
2048000
1699840
1748992
1581056
1433600
1220608
1273856
1224704
1220608
1220608
1142784
933888
3538944
3538944
3407872
3448832
3231744
3055616
2920448
3014656
2744320
2756608
2682880
2555904
2449408
2338816
2322432
2322432
2289664
2383872
3751936
3796992
3710976
3698688
3698688
3674112
3555328
3555328
3514368
3547136
3547136
3407872
3395584
3076096
3014656
3076096
2920448
2670592
2727936
2650112
2494464
2412544
2334720
2224128
2064384
2011136
2064384
1986560
1855488
1814528
1630208
1458176
1552384
1495040
1478656
1384448
1142784
1150976
999424
3502080
3629056
3547136
3461120
3444736
3006464
3096576
3133440
3063808
2916352
2818048
2580480
2613248
2514944
2326528
2359296
2068480
2002944
1945600
1810432
1933312
1810432
1593344
1568768
1368064
995328
3497984
3366912
3497984
3497984
3190784
2998272
2932736
2756608
2748416
2740224
3555328
3555328
3469312
3555328
3555328
3555328
3555328
3506176
3444736
3305472
3371008
3186688
3153920
3145728
3153920
2977792
2887680
2854912
2830336
2732032
2506752
2772992
2756608
2682880
2539520
2523136
2220032
2326528
2326528
2334720
2236416
2179072
2158592
2052096
1773568
1822720
1671168
1855488
1888256
1552384
1490944
1581056
1548288
1323008
1228800
1388544
1351680
1339392
3502080
3915776
3915776
3891200
3923968
3923968
3923968
3923968
3862528
3837952
3837952
3764224
3739648
3739648
3678208
3629056
3629056
3608576
3616768
3616768
3502080
3338240
3153920
3133440
3162112
3076096
2981888
3092480
3047424
2859008
2822144
2637824
2478080
2342912
2293760
2265088
2129920
1851392
1974272
1736704
1679360
1622016
1728512
1744896
1683456
1634304
1437696
1318912
1449984
1232896
950272
3575808
3366912
3366912
3350528
3129344
3076096
3166208
3125248
2949120
2949120
2752512
2764800
2781184
2445312
2654208
2543616
2269184
2285568
2228224
2314240
2269184
1937408
2015232
1859584
1961984
1822720
1675264
1781760
1597440
1589248
1482752
1294336
1425408
1323008
1073152
1073152
978944
4100096
4104192
4104192
4120576
4120576
4120576
4124672
4124672
4124672
4132864
4132864
4132864
4132864
4132864
4136960
4136960
4153344
4075520
4247552
4247552
4104192
4104192
4104192
4022272
4022272
4022272
4022272
4022272
4022272
3989504
3989504
3989504
3989504
3993600
3903488
3805184
3805184
3678208
3813376
3813376
3723264
3723264
3723264
3633152
3633152
3588096
3600384
3600384
3538944
3600384
3575808
3506176
3428352
3588096
3469312
3559424
3420160
3383296
3334144
3117056
2953216
2928640
2928640
2854912
2912256
2764800
2629632
2560000
2486272
2416640
2232320
1937408
2043904
1916928
2129920
2002944
1970176
2056192
1957888
1781760
1789952
1503232
1654784
1585152
1380352
1589248
1597440
1429504
1150976
1183744
1019904
991232
3555328
3600384
3194880
3391488
3317760
3149824
3158016
2961408
2949120
2850816
2895872
2785280
2592768
2752512
2637824
2650112
2363392
2490368
2445312
2306048
2154496
2220032
2199552
2121728
1970176
1863680
1765376
1675264
1409024
1531904
1347584
1261568
1282048
1220608
962560
3768320
4206592
4210688
4214784
4214784
4214784
4071424
4071424
4079616
4079616
4079616
4075520
4075520
4075520
4071424
4071424
4018176
4009984
4014080
4030464
3989504
3989504
3973120
3997696
3788800
3981312
3969024
3989504
3989504
3899392
3899392
3764224
3764224
3608576
3608576
3420160
3432448
3293184
3428352
3252224
3170304
3096576
3051520
2998272
2748416
2744320
2846720
2592768
2600960
2564096
2519040
2281472
1966080
2215936
1892352
1712128
1736704
1667072
1486848
1355776
1269760
1294336
962560
3575808
3432448
3575808
3575808
3563520
3588096
3588096
3420160
3399680
3276800
3063808
2768896
2748416
2662400
3567616
3493888
3571712
3571712
3584000
3571712
3571712
3510272
3559424
3571712
3559424
3559424
3575808
3928064
3932160
3940352
3940352
3858432
3883008
3887104
3739648
3784704
3784704
3710976
3710976
3657728
3661824
3575808
3452928
3624960
3633152
3629056
3485696
3411968
3403776
3129344
3248128
3141632
2899968
3006464
2899968
2752512
2748416
2551808
2502656
2469888
2306048
2318336
2105344
2097152
1843200
1908736
1802240
1765376
3559424
3407872
3567616
3571712
3571712
3579904
3579904
3579904
3551232
3559424
3559424
3305472
3305472
3186688
3215360
3104768
3047424
2949120
2985984
2662400
2830336
2658304
2691072
2469888
2514944
2232320
2154496
2076672
2048000
2097152
1757184
1646592
1544192
1462272
1204224
1249280
1228800
1093632
983040
3604480
4038656
4038656
4055040
4042752
4042752
3944448
4018176
3792896
3969024
4018176
4018176
4030464
3850240
3756032
3805184
3751936
3678208
3682304
3674112
3661824
3600384
3481600
3473408
3416064
3371008
3289088
3174400
2998272
2932736
2744320
2859008
2510848
2445312
2514944
2289664
2269184
2396160
2240512
2011136
1966080
1916928
1826816
1662976
1708032
1683456
1490944
1396736
1449984
1286144
1355776
1114112
1024000
835584
909312
925696
782336
708608
659456
524288
512000
491520
331776
282624
212992
172032
155648
180224
106496
118784
139264
3600384
3600384
3538944
3493888
3366912
3186688
3280896
3252224
3276800
3092480
3207168
3145728
3141632
2924544
2772992
2768896
2617344
2707456
2637824
2502656
2330624
2306048
2326528
2215936
2093056
1716224
1683456
1712128
1359872
1507328
1363968
1527808
1400832
1232896
1269760
1167360
1097728
901120
3608576
3612672
3571712
3612672
3612672
3555328
3612672
3612672
3391488
3403776
3284992
3215360
3035136
3051520
3043328
2924544
2895872
2793472
2895872
2916352
2854912
2662400
2523136
2359296
2277376
2174976
1859584
2056192
1966080
1880064
1777664
1482752
1380352
1318912
1036288
1077248
958464
3604480
3379200
3473408
3207168
3223552
3256320
3051520
3137536
2822144
2871296
2928640
3555328
3555328
3555328
3559424
3559424
3497984
3420160
3350528
3125248
3121152
2981888
2994176
2797568
2670592
2510848
2482176
2240512
2293760
2363392
2277376
2035712
1916928
1822720
1740800
1626112
1568768
1343488
1241088
1056768
815104
3608576
3670016
3559424
3383296
3313664
3399680
3342336
3244032
3223552
3137536
3661824
4075520
4079616
4079616
4079616
4079616
4087808
4087808
4071424
4071424
4071424
4071424
4071424
4042752
3948544
3952640
3801088
3805184
3768320
3723264
3723264
3678208
3686400
3563520
3649536
3649536
3657728
3657728
3682304
3633152
3637248
3424256
3461120
3481600
3481600
3473408
3276800
3076096
2973696
3108864
3604480
3612672
3510272
3604480
3604480
3645440
3461120
3280896
3162112
2973696
2985984
2977792
2826240
2891776
2768896
2654208
2584576
2682880
2564096
2465792
2408448
2338816
2027520
2138112
2080768
1974272
1982464
1806336
1789952
1740800
1667072
1581056
1531904
1396736
1191936
1245184
1101824
831488
897024
802816
839680
655360
528384
417792
393216
393216
385024
372736
335872
290816
311296
200704
167936
126976
110592
118784
110592
122880
110592
106496
94208
3612672
4083712
4083712
4063232
4079616
4079616
3985408
3870720
3874816
3735552
3784704
3784704
3665920
3670016
3649536
3416064
3420160
3346432
3076096
3305472
3264512
2998272
3002368
2899968
2834432
2879488
3579904
3624960
3624960
3391488
3473408
3338240
3227648
3260416
3121152
3203072
3608576
3497984
3567616
3227648
3125248
3108864
3072000
3153920
3567616
3612672
3371008
3166208
3153920
2949120
3018752
2797568
2846720
2899968
2609152
2658304
2478080
2519040
2461696
2207744
2310144
2154496
2056192
1880064
1773568
1753088
1687552
1667072
1581056
1462272
1261568
1200128
1179648
1101824
1212416
1069056
946176
3624960
3624960
3629056
3588096
3555328
3616768
3571712
3268608
3289088
3039232
3166208
3104768
2818048
2957312
2846720
2846720
2707456
2609152
2482176
2478080
2424832
2383872
2138112
2170880
1970176
1814528
1822720
1802240
1769472
1732608
1650688
3670016
3678208
3452928
3395584
3518464
3305472
3174400
3125248
2875392
2859008
2670592
2584576
2482176
2326528
2342912
2043904
2056192
1826816
1855488
1966080
1892352
1609728
1556480
1470464
1400832
1228800
913408
3563520
3608576
3497984
3452928
3334144
3248128
3231744
3112960
3153920
2940928
2850816
2834432
2568192
2719744
2789376
2670592
2736128
3563520
3563520
3522560
3264512
3424256
3325952
3022848
3026944
3051520
3055616
2932736
2924544
2781184
2809856
2592768
2637824
2732032
2650112
2379776
2224128
2236416
2215936
2043904
2142208
1974272
1593344
1761280
3571712
4071424
4071424
3915776
4083712
4083712
4100096
4100096
4100096
3907584
3907584
3907584
3911680
3923968
3928064
3854336
3854336
3854336
3870720
3870720
3883008
3883008
3883008
3891200
3891200
3891200
3870720
3870720
3870720
3690496
3776512
3678208
3575808
3575808
3346432
3571712
3571712
3489792
3563520
3563520
3440640
3334144
3395584
3383296
3317760
3096576
3121152
3063808
2772992
2740224
2703360
2834432
2592768
2674688
2482176
2273280
2199552
2097152
1945600
2093056
1912832
1843200
1712128
1695744
3522560
3457024
3571712
3571712
3481600
3563520
3563520
3428352
3579904
3579904
3506176
3559424
3559424
3551232
3559424
3559424
3424256
3383296
3125248
3080192
3178496
3039232
3026944
3035136
2981888
2908160
2863104
2818048
2695168
2375680
2232320
2088960
1912832
2023424
1679360
1855488
1773568
1708032
1601536
1724416
1634304
1347584
1417216
1159168
1085440
1069056
991232
3624960
3633152
3387392
3547136
3366912
3436544
3325952
3203072
3162112
3145728
3108864
2932736
2953216
2904064
2891776
2510848
2637824
2637824
2531328
2502656
2387968
2306048
2236416
1961984
1933312
2035712
1765376
1761280
1679360
1744896
1716224
1712128
1712128
1441792
1638400
1638400
1433600
1396736
1241088
868352
3649536
3624960
3653632
3653632
3563520
3379200
3117056
3178496
3129344
3088384
2842624
2723840
2490368
2600960
2490368
2174976
2015232
1896448
1957888
1953792
1867776
1757184
1671168
1384448
1404928
1286144
1204224
1003520
868352
3948544
4169728
4169728
3944448
3944448
3944448
3747840
3751936
3637248
3665920
3670016
3641344
3674112
3674112
3653632
3633152
3633152
3547136
3551232
3526656
3268608
3190784
2912256
2940928
2723840
2600960
2519040
2584576
2297856
2310144
2330624
2285568
2179072
2129920
1880064
1888256
1875968
1798144
1781760
1753088
1740800
1630208
1486848
1474560
1495040
1208320
1269760
1093632
925696
3547136
3448832
3444736
3547136
3452928
3313664
3289088
3092480
3129344
3055616
2887680
2781184
2805760
2674688
2416640
2465792
2490368
2301952
2256896
2101248
1744896
1908736
1884160
1789952
1777664
1564672
1634304
1433600
1441792
1351680
1396736
1241088
1081344
1130496
1110016
1179648
1204224
1048576
851968
3522560
3461120
3567616
3567616
3551232
3567616
3567616
3457024
3567616
3571712
3346432
3084288
3330048
3108864
2916352
2838528
2764800
2703360
2744320
2646016
2674688
2490368
2138112
2211840
2056192
1957888
1843200
1724416
1884160
1617920
1724416
1740800
1605632
1576960
1527808
1519616
1359872
1343488
1269760
1216512
1216512
1130496
1007616
909312
3514368
3559424
3325952
3293184
3194880
3235840
3100672
3166208
3559424
3563520
3469312
3416064
3559424
3485696
3571712
3571712
3579904
3559424
3559424
3399680
3358720
3166208
3067904
3010560
2834432
2818048
3526656
3379200
3563520
3563520
3514368
3280896
3403776
3297280
3227648
3080192
3084288
2965504
2891776
2809856
2646016
3567616
3932160
3932160
3895296
3944448
3944448
3944448
3944448
3944448
3907584
3944448
3944448
3907584
3919872
3883008
3756032
3756032
3706880
3715072
3715072
3620864
3694592
3694592
3448832
3481600
3276800
3317760
3203072
3637248
3895296
3993600
3989504
3940352
3940352
3895296
3948544
3948544
3850240
3923968
3923968
3682304
3686400
3686400
3518464
3342336
3129344
3211264
3129344
3174400
3031040
2936832
2674688
2670592
2605056
2465792
2478080
2273280
2252800
2244608
2048000
1945600
1720320
1884160
1765376
1441792
1589248
3641344
3686400
3665920
3686400
3686400
3649536
3686400
3686400
3457024
3682304
3690496
3534848
3588096
3682304
3940352
3940352
3919872
3948544
3948544
3796992
3932160
3932160
3923968
3899392
3899392
3756032
3760128
3764224
3502080
3489792
3383296
3469312
3235840
3076096
3215360
2887680
2846720
2805760
2789376
2703360
2531328
2437120
2293760
2461696
2236416
2023424
2129920
1949696
2002944
1945600
1826816
1728512
1687552
1454080
1540096
1314816
1404928
1105920
1273856
3633152
3633152
3538944
3645440
3645440
3502080
3358720
3395584
3227648
3313664
3239936
3125248
2928640
2760704
2760704
2494464
2404352
2113536
2072576
1949696
1961984
1884160
1859584
1794048
1544192
1708032
1585152
1269760
1183744
1024000
974848
3629056
3633152
3534848
3641344
3641344
3637248
3641344
3649536
3395584
3334144
3411968
3284992
3297280
3178496
3227648
3166208
3018752
3092480
2826240
2895872
2727936
2760704
2478080
2355200
2424832
2236416
2248704
2265088
2170880
2109440
1798144
1740800
1421312
1601536
1327104
1142784
1126400
1105920
999424
3624960
3633152
3567616
3547136
3358720
3280896
3203072
3215360
3620864
3620864
3502080
3436544
3252224
3145728
3166208
3067904
3080192
3104768
2945024
2920448
2818048
2662400
2719744
2572288
2596864
2306048
2408448
2334720
2265088
2269184
2121728
1986560
2043904
1851392
1921024
1806336
1757184
1712128
1531904
1413120
1462272
1056768
995328
3616768
4030464
3952640
3952640
3784704
3784704
3760128
3743744
3706880
3592192
3637248
3612672
3657728
3670016
3690496
3641344
3719168
3719168
3600384
3485696
3338240
3411968
3330048
3194880
3178496
2977792
2932736
2826240
2707456
2396160
2260992
2105344
2183168
1843200
1929216
1986560
1773568
1699840
1699840
1617920
1409024
1503232
1245184
1024000
987136
3661824
4087808
4091904
3866624
3928064
3948544
3805184
3817472
3817472
3805184
3813376
3813376
3719168
3710976
3604480
3608576
3690496
3727360
4177920
4177920
4177920
4177920
4177920
4177920
4177920
4177920
4182016
4182016
4182016
4173824
4173824
4173824
4153344
4153344
3981312
3936256
3936256
3878912
3883008
3796992
3829760
3833856
3776512
3674112
3661824
3624960
3641344
3919872
3907584
3907584
3772416
3772416
3624960
3739648
3739648
3719168
3485696
3416064
3485696
3407872
3350528
3207168
3076096
2916352
2969600
2850816
2899968
2703360
2662400
2506752
2580480
2211840
2252800
2236416
2220032
2203648
2023424
1867776
1531904
1642496
1589248
1433600
1269760
1323008
1056768
1007616
806912
733184
540672
512000
503808
462848
315392
380928
348160
286720
217088
208896
131072
163840
131072
131072
163840
143360
114688
102400

