94208
94208
98304
69632
69632
696321048576
163840
163840
155648
180224
143360
135168
122880
110592
86016
81920
61440
32768
36864
155648
303104
282624
2826241048576
294912
212992
2129921048576
217088
176128
176128
176128
176128
176128
94208
90112
151552
151552
151552
155648
155648
155648
155648
155648
155648
860161048576
94208
94208
94208
94208
94208
94208
102400
860161048576
3776512
3776512
3776512
3776512
3776512
3776512
3776512
3776512
3776512
3776512
3776512
3776512
3776512
3629056
3473408
3448832
3424256
3346432
3301376
3227648
3133440
3059712
2969600
2801664
2678784
2621440
2551808
25518081048576
3739648
3739648
3641344
3575808
3571712
3571712
3534848
3395584
3334144
3313664
3162112
2957312
2904064
2777088
2732032
2670592
2596864
2498560
2408448
2408448
2363392
2347008
2207744
2174976
2109440
1966080
1875968
1835008
1839104
1826816
1703936
1613824
1564672
1445888
1335296
1224704
1208320
1212416
999424
901120
757760
598016
528384
466944
409600
323584
245760
233472
204800
184320
180224
98304
106496
69632
57344
573441048576
3514368
3514368
3514368
3514368
3514368
3514368
3522560
3514368
3514368
3436544
3436544
3428352
3428352
3432448
3440640
3440640
3440640
3432448
3432448
3432448
3383296
3325952
3248128
3178496
3076096
3035136
2887680
2875392
2756608
2744320
2715648
2547712
2547712
2531328
2416640
2220032
2166784
2060288
2031616
1871872
1748992
1716224
1605632
1552384
1474560
1355776
1318912
1126400
1003520
7946241048576
3514368
3416064
3416064
3395584
3178496
3043328
2969600
2977792
2916352
2863104
2863104
2842624
2666496
2519040
2465792
2453504
2220032
1998848
1859584
1769472
1638400
1613824
1581056
1576960
1568768
1536000
1445888
1376256
1257472
1167360
9379841048576
3657728
3657728
3657728
3649536
3649536
3649536
36495361048576
3657728
3657728
3661824
3661824
3661824
3661824
3661824
3534848
3502080
3502080
3461120
3432448
3354624
3153920
3092480
2985984
2895872
2813952
2633728
2412544
2371584
2285568
2105344
1929216
1654784
1589248
1490944
1396736
1249280
1138688
9338881048576
3596288
3596288
3600384
3600384
3514368
3256320
3182592
3129344
3006464
30064641048576
3801088
3801088
3801088
3801088
3801088
3801088
3801088
3801088
3801088
3805184
3805184
3805184
3805184
3805184
3801088
3801088
3690496
3616768
3616768
3616768
3616768
3571712
3538944
3506176
3506176
3317760
3207168
32071681048576
3731456
3731456
3731456
3735552
3735552
3600384
3567616
3567616
3567616
3575808
3559424
3424256
3428352
3297280
3260416
3153920
3080192
2945024
2854912
2772992
2641920
26419201048576
3616768
3559424
3559424
3559424
3559424
3559424
3559424
3559424
3559424
3567616
3559424
3559424
3559424
3559424
3559424
3559424
3371008
3276800
3268608
3170304
3141632
3026944
3026944
2940928
2945024
2904064
2768896
2732032
2576384
2465792
2428928
2420736
2220032
22200321048576
3710976
3710976
3710976
3710976
3710976
3710976
3710976
3710976
3710976
3710976
3710976
3710976
3710976
3710976
3706880
3706880
3694592
3465216
3387392
3371008
3293184
3129344
3092480
3014656
2920448
2760704
2760704
2678784
2560000
2457600
2375680
2326528
2236416
2072576
1769472
1552384
1548288
1556480
1482752
1355776
1253376
1196032
1134592
917504
765952
712704
720896
720896
598016
540672
385024
266240
229376
118784
942081048576
3485696
3465216
3350528
3264512
3235840
3137536
3141632
3039232
2924544
2920448
2904064
2846720
2719744
2625536
2596864
2584576
2498560
2502656
2379776
2314240
2179072
2142208
1970176
1851392
1679360
1585152
1576960
1441792
1425408
1191936
9789441048576
3506176
3506176
3506176
3506176
3502080
3457024
3457024
34570241048576
3657728
3657728
3657728
3657728
3657728
3584000
3575808
3579904
3579904
3579904
3584000
3567616
3571712
3465216
3465216
34652161048576
3502080
3502080
3502080
3387392
3203072
3018752
2932736
2895872
2805760
2768896
2764800
2695168
2678784
26787841048576
3510272
3510272
3510272
3510272
3510272
3510272
3268608
3153920
3100672
3026944
2953216
2756608
2584576
2535424
2437120
2273280
2150400
21504001048576
3620864
3620864
3620864
3624960
3624960
3624960
3616768
3616768
3403776
3346432
3346432
3268608
3047424
30474241048576
3657728
3657728
3657728
3665920
3665920
3665920
3670016
3670016
3670016
3661824
3661824
3575808
3584000
3584000
3588096
3518464
3518464
3342336
3231744
3203072
3092480
3006464
2871296
2813952
2686976
2666496
2535424
2383872
2351104
2306048
2158592
2076672
1937408
1871872
1871872
1781760
1699840
1662976
1593344
1544192
1527808
1351680
1359872
1183744
1028096
8478721048576
3710976
3710976
3710976
3715072
3715072
3637248
3637248
3637248
3481600
3473408
3444736
3309568
3190784
3072000
2953216
2953216
2904064
2789376
2658304
2535424
2437120
2260992
2158592
2138112
1945600
1810432
1662976
1593344
1540096
1478656
1458176
1417216
1277952
1146880
983040
815104
741376
663552
557056
380928
372736
315392
249856
225280
942081048576
3727360
3727360
3727360
3731456
3731456
3559424
3514368
3514368
3416064
3403776
3301376
3207168
32071681048576
3514368
3432448
3387392
3235840
3207168
3203072
3133440
3031040
2916352
2883584
2760704
2727936
2576384
2531328
2342912
2232320
2203648
2129920
2039808
2019328
1859584
1781760
1757184
1703936
1712128
1683456
1564672
1449984
1347584
1175552
9748481048576
3485696
3485696
3481600
3481600
3395584
3305472
3219456
3215360
3145728
3022848
2895872
2703360
2711552
2543616
2412544
2306048
2183168
2125824
1953792
1810432
1699840
1622016
1601536
1482752
1409024
1314816
1294336
1130496
9093121048576
3563520
3571712
3571712
3571712
3559424
3559424
3559424
3555328
3555328
3555328
3547136
3547136
3371008
3379200
3264512
3207168
3215360
3096576
2908160
2859008
2793472
2662400
2637824
2588672
2469888
2465792
2306048
2224128
2232320
2109440
1875968
1777664
1687552
1449984
1363968
1335296
1327104
1298432
1155072
9379841048576
3469312
3469312
3469312
3444736
3342336
3244032
3072000
3055616
2920448
2822144
2605056
2502656
2363392
2277376
2142208
1941504
1884160
1687552
1642496
1536000
1458176
1454080
1331200
1257472
1208320
1159168
9994241048576
3473408
3395584
3403776
3354624
3330048
3186688
3186688
3162112
3055616
3047424
2879488
2887680
2699264
2666496
2531328
2486272
2400256
2306048
2293760
2297856
2109440
2117632
2048000
2007040
1966080
1863680
1822720
1699840
1646592
1503232
1429504
1372160
1331200
1138688
929792
9297921048576
3751936
3751936
37519361048576
3772416
3772416
3772416
3772416
3772416
3772416
3772416
3772416
3772416
3776512
3776512
3776512
3768320
3608576
3510272
3330048
3280896
3235840
3137536
3059712
3063808
3002368
2904064
2809856
2781184
2646016
2506752
2289664
2134016
2093056
1998848
1880064
1814528
1757184
1634304
1531904
1511424
1470464
1331200
1093632
9707521048576
3534848
3534848
3534848
3534848
3534848
3534848
3395584
3330048
3231744
3186688
3022848
3014656
2891776
2826240
2813952
2711552
2514944
2281472
2117632
1908736
1777664
1736704
1536000
1445888
1437696
1384448
1298432
1175552
9420801048576
3485696
3485696
34856961048576
3493888
3317760
3223552
3219456
3203072
3203072
3145728
2990080
2990080
2965504
2834432
2621440
2502656
2355200
2162688
2007040
1921024
1921024
1884160
1732608
1728512
1712128
1662976
1630208
1495040
1486848
1437696
1187840
9584641048576
3502080
3497984
3497984
3497984
3493888
3497984
3391488
3379200
3301376
33013761048576
3686400
3690496
3698688
3698688
3608576
3485696
3342336
3141632
3112960
3006464
2998272
2953216
2924544
2826240
2613248
2498560
2416640
2330624
2170880
2023424
1912832
1785856
1744896
1626112
1499136
1388544
1380352
1236992
1163264
1118208
987136
860160
745472
528384
446464
409600
380928
262144
159744
122880
122880
778241048576
3624960
3624960
3624960
3624960
3629056
3629056
36290561048576
3637248
3637248
3637248
3637248
3637248
3629056
3633152
3559424
3497984
3497984
3383296
3182592
3067904
2994176
2957312
2904064
2744320
2666496
2539520
25395201048576
3489792
3489792
3477504
34775041048576
3612672
3424256
3416064
3268608
3153920
3031040
2981888
2973696
2883584
2834432
2826240
2748416
2662400
2641920
2600960
2543616
2367488
2367488
2256896
2228224
22282241048576
3624960
3629056
3629056
3629056
3629056
3629056
3551232
3551232
3440640
3407872
3411968
3342336
3284992
3260416
3252224
3215360
3129344
3039232
3002368
2887680
2736128
2588672
2531328
2498560
2424832
2236416
2170880
2011136
20111361048576
3534848
3461120
3366912
3321856
3198976
3100672
2969600
2912256
2920448
2899968
2879488
2838528
28385281048576
3497984
3493888
34938881048576
3502080
3502080
35020801048576
3588096
3538944
3502080
3510272
3518464
3506176
3506176
3506176
3502080
3502080
35020801048576
3502080
3502080
3452928
3420160
3350528
3149824
3035136
2981888
2949120
2854912
28549121048576
3641344
3641344
3641344
3641344
3641344
3641344
3641344
3641344
3637248
3637248
3637248
3641344
3641344
36413441048576
3813376
3813376
3817472
3706880
3706880
3706880
3645440
3645440
3645440
3551232
3551232
3551232
3555328
3555328
3547136
3547136
3551232
3399680
3325952
3219456
3203072
3006464
3006464
2887680
2748416
2613248
2564096
2510848
2334720
2179072
2072576
1912832
1802240
1691648
1548288
1478656
1314816
1249280
1220608
1089536
1024000
9216001048576
3469312
3469312
3469312
3469312
3379200
3330048
33300481048576
3620864
3620864
3543040
3551232
3551232
3555328
3534848
3534848
3452928
3211264
3129344
3067904
3014656
2981888
2945024
2936832
2805760
2740224
2740224
2727936
2535424
2387968
2293760
2174976
2162688
2031616
1978368
1822720
1781760
1748992
1613824
1474560
1462272
1421312
1277952
1253376
1183744
1150976
966656
937984
864256
794624
696320
671744
561152
544768
528384
524288
438272
393216
221184
184320
167936
143360
819201048576
3551232
3395584
3211264
3117056
3112960
3088384
2867200
2740224
2539520
2523136
2457600
2334720
2322432
2183168
1974272
1818624
1716224
1703936
1613824
1613824
1601536
1568768
1495040
1478656
14786561048576
3547136
3547136
3432448
3350528
3309568
3248128
3174400
3166208
2990080
2932736
2875392
2809856
2809856
2682880
2531328
2416640
2301952
2228224
2027520
1888256
1896448
1671168
1576960
1527808
1363968
1286144
1171456
1118208
9338881048576
3514368
3452928
3436544
3268608
3235840
3219456
3223552
3055616
2928640
2797568
2760704
2740224
2678784
2613248
2461696
2392064
2359296
2297856
2220032
2195456
1994752
1986560
1757184
1576960
1527808
1400832
1388544
1339392
1179648
9297921048576
3620864
3624960
3629056
36290561048576
3637248
3637248
3637248
3637248
3637248
3637248
3637248
3538944
3526656
3526656
3436544
3231744
3104768
3055616
2838528
2797568
2760704
2699264
2605056
2359296
2363392
2334720
2326528
2203648
2195456
2056192
1994752
1990656
1888256
1732608
1617920
1515520
1511424
1339392
1294336
1290240
1085440
9584641048576
3510272
3510272
3510272
3493888
3493888
3481600
3354624
3301376
3166208
3080192
2904064
2764800
2715648
2617344
2625536
2519040
2437120
2289664
2199552
2080768
2023424
1880064
1736704
1646592
1495040
1482752
1224704
1179648
1060864
9338881048576
3530752
3530752
3526656
3530752
3530752
3530752
3530752
3530752
3522560
35225601048576
3530752
3522560
3522560
3416064
3379200
3252224
3158016
3141632
3092480
3039232
3035136
3010560
2998272
2936832
2752512
2613248
2473984
2375680
23756801048576
3526656
3506176
3358720
3293184
3244032
3215360
3166208
3063808
3047424
2994176
2981888
2813952
2748416
2637824
2621440
2535424
2453504
2375680
2301952
2228224
2207744
2195456
2191360
2002944
1830912
1769472
1658880
1413120
1372160
1368064
1347584
1323008
1048576
1007616
8765441048576
3674112
3637248
3608576
3465216
3440640
3330048
3260416
3203072
3182592
3031040
2904064
2883584
2875392
2846720
2732032
2711552
2473984
2351104
2289664
2052096
1921024
1880064
1703936
1564672
1318912
1200128
1081344
9830401048576
3551232
3477504
3395584
3362816
3371008
3235840
3235840
32358401048576
3543040
3547136
3526656
3497984
3493888
34938881048576
3530752
3530752
3399680
3395584
3268608
3248128
3137536
2924544
2879488
2781184
2658304
2551808
2531328
2531328
2363392
2138112
2109440
1925120
1814528
1806336
1810432
1769472
1720320
1654784
1544192
1482752
1355776
1351680
1187840
1187840
1028096
9379841048576
3481600
3481600
3481600
3481600
3338240
3276800
3276800
3207168
3166208
3149824
3051520
3031040
3035136
2912256
2797568
2801664
2691072
2490368
2318336
2191360
2056192
1990656
1953792
1884160
1794048
1802240
1679360
1658880
1593344
1503232
1495040
1409024
1241088
1134592
1036288
9666561048576
3592192
3592192
3596288
3600384
3600384
3604480
3604480
36044801048576
3674112
3674112
3674112
3661824
3661824
3661824
3620864
3620864
3620864
3600384
3600384
3600384
3592192
3592192
3592192
3596288
3596288
3510272
3387392
3366912
3338240
3203072
3121152
3117056
2973696
2875392
2822144
2777088
2777088
2695168
2650112
2564096
2486272
2293760
2232320
2154496
1863680
1806336
1757184
1478656
1470464
1417216
1363968
1273856
1171456
9953281048576
3690496
3694592
3694592
3686400
3629056
3571712
3530752
3477504
3457024
3358720
3256320
3133440
3137536
3014656
2895872
2871296
2793472
2646016
2527232
2441216
2392064
2248704
2191360
2195456
2080768
1875968
1724416
1728512
1622016
1564672
1441792
1396736
1306624
1179648
9789441048576
3518464
3518464
3518464
3522560
3403776
3411968
3342336
3305472
3117056
2990080
2797568
2637824
2609152
2596864
2551808
2555904
2465792
2240512
2027520
1896448
1744896
1753088
1617920
1495040
1482752
1380352
1384448
1347584
1253376
1134592
946176
872448
806912
790528
741376
659456
659456
602112
569344
438272
348160
245760
241664
192512
131072
942081048576
3526656
3387392
3387392
3350528
3317760
3260416
3149824
3076096
2981888
2912256
2867200
2785280
2760704
2678784
2641920
2465792
2412544
2318336
2125824
2113536
2011136
1839104
1814528
1748992
1740800
1609728
1458176
1396736
1388544
1384448
1150976
9707521048576
3616768
3616768
3616768
3616768
3616768
3616768
3616768
3620864
3620864
36208641048576
3629056
3633152
36331521048576
3641344
3645440
3604480
3604480
3604480
3604480
3543040
3543040
3452928
3403776
3321856
3231744
3145728
2932736
2752512
2699264
2564096
2359296
2215936
2109440
1990656
1916928
1855488
1769472
1699840
1642496
16424961048576
3489792
3489792
3489792
3489792
3489792
3497984
3452928
3346432
3293184
3219456
3207168
3203072
3170304
3145728
3153920
3059712
3043328
30433281048576
3649536
3657728
3657728
3641344
3641344
3637248
3551232
3559424
3444736
3379200
3252224
3260416
3088384
2932736
2850816
2670592
2609152
2605056
2404352
2375680
2293760
2269184
2125824
2068480
1994752
1921024
1761280
1667072
1626112
1552384
1515520
1425408
1286144
1093632
8806401048576
3534848
3534848
3538944
3526656
3526656
3526656
3534848
3411968
3321856
3203072
3084288
3063808
3014656
3018752
2908160
2908160
2797568
2768896
2703360
2588672
2461696
2338816
2318336
2142208
1974272
1863680
1728512
1622016
1556480
1462272
1359872
1347584
1302528
1175552
987136
991232
905216
851968
712704
700416
557056
565248
487424
454656
458752
466944
409600
299008
241664
188416
188416
143360
143360
151552
122880
118784
126976
135168
110592
942081048576
3584000
3584000
3584000
3584000
3584000
3584000
3465216
3432448
3301376
3215360
3121152
3084288
3055616
2973696
2818048
2727936
2678784
2568192
2502656
2326528
2273280
2150400
2129920
1949696
1941504
1675264
1531904
1531904
1531904
1531904
1490944
1417216
1384448
1261568
1089536
987136
937984
761856
692224
638976
569344
540672
499712
499712
466944
380928
376832
372736
352256
282624
262144
266240
233472
131072
1310721048576
3584000
3588096
3526656
3313664
3297280
3190784
3198976
2985984
2859008
2813952
2695168
2605056
2543616
2473984
2310144
2129920
1990656
19906561048576
3596288
3526656
3534848
3538944
3358720
3198976
3186688
3182592
3022848
2985984
2973696
2961408
2834432
2670592
2523136
2457600
2269184
2138112
2146304
2134016
2084864
2056192
2035712
1986560
1785856
1765376
1740800
1576960
1359872
1343488
1236992
1142784
991232
811008
688128
663552
552960
528384
413696
393216
368640
335872
200704
176128
139264
1392641048576
3600384
3600384
3600384
3457024
3432448
3395584
3346432
3248128
3153920
3035136
3035136
2871296
2777088
2633728
2506752
2363392
2142208
21422081048576
3637248
3637248
3637248
3641344
3641344
3641344
3641344
3641344
3645440
3645440
3596288
3592192
35921921048576
3600384
3522560
35225601048576
3534848
3342336
3244032
3133440
3059712
3055616
2973696
2940928
2863104
2764800
2588672
2412544
2416640
2387968
2330624
2244608
2203648
2011136
1937408
1867776
1769472
1720320
1613824
1601536
1425408
1335296
1282048
1204224
1146880
9543681048576
3706880
3710976
3710976
3710976
3710976
3612672
3612672
3612672
3620864
3620864
3620864
3604480
3604480
3604480
3596288
3596288
3567616
3547136
3555328
3559424
3547136
3551232
3481600
3379200
3297280
3141632
3018752
2842624
2748416
2674688
2682880
2482176
2404352
2306048
2195456
2093056
2072576
1777664
1724416
1716224
1576960
1363968
1269760
1085440
9912321048576
3706880
3706880
3710976
3710976
3710976
3620864
36208641048576
3645440
3653632
3653632
3653632
3653632
3575808
3575808
3575808
3489792
34897921048576
3497984
3497984
34979841048576
3506176
3461120
3293184
3162112
3059712
3010560
2764800
2748416
2740224
27402241048576
3731456
3735552
3735552
3723264
3723264
3723264
3723264
3723264
3608576
3538944
3268608
3166208
3174400
3080192
3088384
2977792
2981888
2920448
2879488
2719744
27197441048576
3559424
3559424
3559424
3563520
3563520
3559424
3436544
3375104
3362816
3301376
3305472
3223552
3117056
2953216
2932736
2863104
2826240
2818048
2715648
2658304
2596864
2568192
2420736
24207361048576
3657728
3600384
3608576
3481600
3391488
3325952
3284992
3272704
3178496
3129344
3117056
3031040
2965504
29655041048576
3588096
35880961048576
3719168
3690496
3686400
3686400
3686400
3694592
3694592
3694592
3690496
3690496
3690496
3690496
3690496
3690496
3637248
36372481048576
3645440
3641344
3641344
3624960
36249601048576
3633152
3600384
3534848
35348481048576
3547136
3555328
3555328
3555328
3481600
3411968
3399680
3354624
3338240
3313664
3170304
3145728
3149824
3067904
3063808
2981888
2850816
2760704
2711552
2605056
2531328
2408448
2367488
2252800
2207744
2134016
2117632
2015232
20152321048576
3670016
3674112
3678208
3682304
3682304
3682304
3686400
3686400
3686400
3686400
3686400
3686400
3690496
3690496
3690496
3694592
3690496
3563520
3547136
35471361048576
3559424
3551232
3551232
3551232
3547136
3551232
3432448
3362816
3293184
3014656
2985984
2781184
2617344
2564096
2564096
2408448
2326528
2306048
2166784
1990656
1941504
19415041048576
3538944
3452928
3354624
3338240
3268608
3260416
3076096
3067904
2932736
2895872
2859008
2772992
2777088
2703360
2703360
2535424
2416640
2375680
2363392
2347008
2285568
2195456
1904640
1748992
1736704
1593344
1581056
1458176
1368064
1372160
1282048
1134592
9052161048576
3584000
3584000
3461120
3444736
3366912
3346432
3325952
3162112
3063808
2928640
2764800
2641920
2580480
2416640
2416640
2383872
2236416
2015232
1916928
1880064
1839104
1703936
1650688
1613824
1540096
1515520
1372160
1257472
1224704
1146880
1118208
1015808
9379841048576
3514368
3514368
3514368
3432448
3379200
3305472
3186688
3063808
2904064
2904064
2768896
2772992
2588672
2564096
2396160
2293760
2289664
2248704
2224128
2228224
2211840
2207744
2039808
1949696
1875968
1630208
1495040
1470464
1458176
1388544
1269760
1228800
1130496
1134592
1101824
11018241048576
3538944
3407872
3239936
3125248
3096576
2908160
2772992
2592768
2535424
2445312
2334720
2252800
2084864
1929216
1863680
1867776
1859584
1794048
1667072
1626112
1482752
1253376
1228800
1200128
9830401048576
3543040
3465216
3346432
3305472
3268608
3256320
3256320
3215360
3190784
3067904
3035136
2846720
2756608
2588672
2535424
2506752
2363392
2310144
2289664
2097152
1949696
1839104
1814528
1802240
1716224
1703936
1630208
1560576
1556480
1507328
1478656
1462272
1388544
1351680
1122304
1122304
9625601048576
3641344
36413441048576
3837952
3837952
3837952
3829760
3829760
3829760
3772416
3772416
3772416
3764224
37642241048576
3772416
3727360
3731456
3731456
3649536
3657728
3624960
3604480
3604480
3510272
3375104
3260416
3162112
3153920
3149824
3035136
2785280
2625536
2469888
2424832
2326528
2203648
2117632
2052096
1929216
1912832
1634304
1355776
1286144
1282048
12820481048576
3596288
3518464
3514368
3440640
3391488
3280896
3158016
3067904
3031040
2977792
2908160
2895872
2879488
2830336
2703360
2625536
2494464
2428928
2412544
2412544
2072576
1986560
1859584
1867776
1863680
18636801048576
3510272
3506176
3510272
3510272
3502080
3502080
35020801048576
3661824
3661824
3661824
3661824
3661824
3670016
3670016
3665920
3538944
3506176
3510272
3497984
3506176
3510272
3493888
34938881048576
3502080
35020801048576
3641344
3641344
3530752
3502080
35020801048576
3686400
3686400
3694592
3620864
3547136
35471361048576
3706880
3706880
3706880
3706880
3706880
3706880
3710976
3710976
3710976
3710976
3710976
3710976
3710976
3710976
3641344
3645440
3649536
3645440
3645440
3645440
3608576
3608576
3608576
36085761048576
3616768
3616768
3616768
3600384
3604480
3571712
3571712
3567616
3461120
3334144
3342336
3227648
3121152
3035136
2977792
2932736
2842624
2711552
2588672
2498560
2490368
2383872
2314240
2248704
2023424
2019328
1839104
1654784
1589248
1470464
1441792
1441792
1327104
1277952
1146880
1052672
9297921048576
3497984
3497984
3424256
3276800
3231744
3108864
2990080
2998272
2945024
2879488
2818048
2707456
2469888
2342912
2228224
2068480
2011136
1941504
1830912
1744896
1650688
1400832
1318912
1200128
1200128
1130496
9871361048576
3547136
3551232
3551232
3551232
3543040
3547136
3448832
3452928
3354624
3334144
3289088
3235840
3018752
3006464
2949120
2854912
2822144
2744320
2678784
2646016
2449408
2387968
2174976
2084864
2056192
2002944
1937408
1908736
1777664
1748992
1646592
1515520
1519616
1417216
1175552
1093632
9093121048576
3637248
3620864
3579904
3514368
3481600
3485696
34856961048576
3846144
3850240
3784704
3768320
3768320
3575808
3559424
3440640
3305472
3248128
3252224
3219456
3002368
2859008
2695168
2600960
2605056
2564096
2469888
2478080
2433024
2240512
2109440
1986560
1925120
1888256
1875968
1769472
1761280
1679360
1490944
1474560
1429504
1273856
1257472
1212416
1212416
9953281048576
3600384
3592192
3588096
3588096
3538944
3477504
3477504
3485696
3334144
3153920
3133440
2994176
2863104
2785280
2789376
2781184
2768896
2764800
2760704
2666496
2473984
24739841048576
3584000
3584000
3551232
3383296
3309568
3227648
3133440
3039232
2945024
2953216
2723840
2658304
2633728
2449408
2326528
2260992
2179072
2023424
1994752
1880064
1847296
1810432
1789952
1617920
1495040
1409024
1363968
1372160
1200128
987136
905216
843776
839680
671744
544768
376832
348160
282624
290816
192512
139264
143360
151552
1515521048576
3862528
3866624
3866624
3756032
3735552
3735552
3690496
3543040
3543040
3538944
3538944
3538944
3493888
3493888
3493888
3493888
3493888
3338240
3272704
3092480
3076096
2908160
2904064
2801664
2793472
2662400
2543616
2412544
2265088
2203648
2121728
1945600
1912832
1728512
1609728
1396736
1208320
1081344
966656
901120
835584
778240
704512
667648
528384
507904
503808
503808
401408
323584
327680
327680
270336
270336
2703361048576
3485696
3485696
3403776
3399680
3342336
3219456
3100672
2998272
2867200
2752512
2568192
2555904
2506752
2396160
undefined
