
============================================================
    cgName
    period
    timestamp
============================================================
64
221184
233472
233472
172032
225280
225280
225280
241664
253952
253952
253952
233472
278528
278528
278528
278528
188416
188416
188416
217088
204800
200704
176128
155648
249856
184320
233472
184320
122880
155648
106496
3592192
3641344
3641344
3641344
3649536
3665920
3665920
3665920
3661824
3620864
3624960
3624960
3534848
3645440
3649536
3649536
3649536
3559424
3629056
3629056
3629056
3649536
3649536
3649536
3649536
3575808
3584000
3584000
3584000
3616768
3612672
3612672
3612672
3514368
3584000
3497984
3485696
3452928
3510272
3317760
3260416
3256320
3301376
3096576
3137536
3174400
3153920
3096576
3043328
2977792
2998272
3059712
2928640
2920448
2822144
2842624
2768896
2736128
2621440
2703360
2629632
2555904
2605056
2605056
2633728
2580480
2457600
2568192
2473984
2174976
2490368
2490368
2457600
2301952
2502656
2183168
2318336
2179072
2228224
2162688
2072576
2166784
2101248
2093056
2027520
2072576
2093056
2031616
1765376
1941504
1974272
1871872
1921024
1949696
2023424
1593344
1830912
1884160
1822720
1814528
1622016
1753088
1769472
1769472
1765376
1679360
3952640
3952640
3952640
3870720
3960832
3960832
3960832
3846144
3846144
3866624
3866624
3883008
3883008
3883008
3883008
3883008
3883008
3883008
3883008
3891200
3891200
3891200
3891200
3895296
3895296
3895296
3895296
3883008
3874816
3874816
3874816
3891200
3891200
3891200
3891200
3895296
3895296
3895296
3895296
3899392
3899392
3899392
3899392
3907584
3907584
3907584
3907584
3911680
3911680
3911680
3911680
3780608
3915776
3915776
3915776
3895296
3915776
3915776
3915776
3915776
3915776
3915776
3915776
3915776
3915776
3915776
3915776
3919872
3919872
3919872
3919872
3919872
3919872
3919872
3919872
3854336
3878912
3883008
3883008
3796992
3764224
3768320
3768320
3702784
3719168
3719168
3719168
3727360
3727360
3727360
3727360
3727360
3731456
3731456
3731456
3731456
3731456
3731456
3731456
3629056
3756032
3760128
3764224
3764224
3776512
3776512
3776512
3776512
3678208
3678208
3678208
3678208
3706880
3629056
3633152
3633152
3571712
3612672
3616768
3616768
3584000
3633152
3575808
3575808
3452928
3538944
3510272
3547136
3510272
3530752
3579904
3579904
3592192
3571712
3575808
3575808
3575808
3563520
3571712
3575808
3575808
3600384
3571712
3563520
3571712
3584000
3575808
3579904
3497984
3567616
3489792
3555328
3547136
3510272
3457024
3424256
3436544
3428352
3395584
3354624
3219456
3407872
3313664
3231744
3321856
3280896
3264512
3239936
3252224
3178496
3260416
3125248
3129344
3096576
3129344
2990080
2912256
2924544
2940928
2785280
2945024
2785280
2756608
2613248
2826240
2576384
2465792
2523136
2437120
2465792
2408448
2412544
2359296
2387968
2400256
2322432
2334720
2158592
2220032
1949696
2228224
2162688
2121728
2080768
2007040
2039808
1970176
2109440
1978368
1949696
1830912
1945600
1925120
1716224
1843200
1921024
1789952
1871872
1794048
1720320
1654784
1703936
1728512
1712128
1679360
1523712
1572864
1703936
1515520
1466368
1642496
1421312
1454080
1470464
1564672
1245184
1224704
1150976
1216512
1179648
1146880
1052672
1122304
1130496
3579904
3629056
4091904
3624960
3629056
3629056
3575808
3584000
3436544
3616768
3452928
3895296
3895296
3895296
3895296
3899392
3899392
3899392
3899392
3899392
3899392
3899392
3899392
3899392
3899392
3899392
3899392
3829760
3895296
3895296
3895296
3915776
3915776
3915776
3915776
3915776
3915776
3915776
3915776
3915776
3919872
3919872
3919872
3919872
3932160
3932160
3932160
3932160
3932160
3932160
3932160
3932160
3883008
3923968
3923968
3923968
3944448
3944448
3944448
3944448
3944448
3944448
3944448
3944448
3948544
3948544
3948544
3948544
3948544
3956736
3956736
3956736
3956736
3956736
3956736
3956736
3981312
3858432
3903488
3903488
3903488
3932160
3932160
3932160
3932160
3932160
3932160
3932160
3932160
3932160
3932160
3932160
3936256
3936256
3936256
3936256
3936256
3940352
3940352
3940352
3850240
3862528
3866624
3866624
3899392
3899392
3899392
3899392
3899392
3899392
3899392
3899392
3899392
3899392
3899392
3899392
3903488
3903488
3903488
3903488
3903488
3903488
3903488
3903488
3739648
3919872
3641344
3641344
3641344
3608576
3616768
3616768
3612672
3637248
3637248
3637248
3518464
3616768
3616768
3616768
3637248
3645440
3645440
3645440
3543040
3645440
3616768
3616768
3620864
3596288
3596288
3596288
3571712
3563520
3563520
3563520
3522560
3506176
3563520
3563520
3592192
3477504
3571712
3571712
3571712
3485696
3596288
3596288
3596288
3575808
3579904
3579904
3477504
3530752
3551232
3555328
3330048
3592192
3567616
3567616
3522560
3551232
3567616
3567616
3510272
3547136
3526656
3399680
3223552
3526656
3436544
3280896
3457024
3383296
3330048
3387392
3399680
3354624
3362816
3239936
3260416
3342336
3375104
3117056
3158016
3121152
3125248
3039232
3166208
3051520
2969600
2785280
2969600
2813952
2744320
2813952
2826240
2830336
2674688
2732032
2822144
2797568
2678784
2691072
2723840
2801664
2748416
2670592
2707456
2682880
2609152
2719744
2453504
2662400
2674688
2535424
2543616
2387968
2441216
2420736
2392064
2334720
2293760
2334720
2154496
2273280
2330624
2142208
2248704
1998848
2007040
1806336
1875968
1912832
1748992
1908736
1802240
1548288
1810432
1540096
1765376
1679360
3473408
3751936
3751936
3751936
3751936
3600384
3600384
3604480
3604480
3391488
3452928
3620864
3620864
3620864
3629056
3637248
3637248
3637248
3563520
3600384
3600384
3600384
3530752
3567616
3567616
3567616
3497984
3567616
3567616
3571712
3399680
3342336
3362816
3293184
3280896
3301376
3227648
3153920
3182592
3227648
3248128
3096576
3284992
3141632
3080192
3145728
3190784
3141632
3198976
3018752
3112960
3096576
3072000
3031040
2973696
2940928
2887680
2981888
2965504
3043328
2936832
2875392
3006464
2969600
2965504
2846720
2850816
2977792
2912256
2723840
2793472
2715648
2740224
2732032
2752512
2588672
2646016
2625536
2609152
2555904
2486272
2527232
2433024
2273280
2191360
2379776
2310144
2449408
2400256
2269184
2289664
2224128
2269184
2101248
2060288
1961984
2056192
1974272
1916928
1908736
1978368
1900544
1851392
1822720
1777664
1875968
1900544
1921024
1818624
1921024
1970176
1871872
1830912
1953792
1806336
1937408
1888256
1617920
1622016
1802240
1744896
1683456
1781760
1519616
1683456
1576960
1560576
1605632
1560576
1490944
1568768
1470464
1236992
1376256
1359872
1343488
1363968
1167360
1294336
1249280
1388544
1392640
1200128
1273856
1396736
1339392
1302528
1277952
1294336
1155072
1335296
1253376
1114112
1277952
1294336
1183744
1085440
1191936
1015808
1146880
950272
946176
909312
815104
819200
860160
897024
897024
888832
831488
811008
815104
774144
692224
749568
692224
606208
532480
434176
565248
565248
507904
585728
512000
516096
454656
405504
389120
299008
360448
409600
323584
425984
335872
376832
364544
331776
303104
290816
249856
229376
245760
303104
229376
229376
262144
258048
200704
212992
237568
163840
204800
212992
237568
204800
208896
208896
155648
180224
204800
122880
233472
184320
131072
212992
3530752
3575808
4276224
4136960
4177920
4177920
4067328
4145152
4145152
4145152
4145152
4145152
4145152
4145152
4145152
4145152
4145152
4145152
4145152
4145152
4145152
4145152
4145152
4145152
4145152
4145152
4145152
4079616
4079616
4079616
4079616
4091904
4091904
4091904
4091904
4091904
4091904
4091904
4091904
4091904
4100096
4100096
4100096
4100096
4108288
4108288
4108288
4108288
4108288
4108288
4108288
4108288
4063232
4063232
4063232
4071424
4075520
4075520
4075520
4075520
4075520
4075520
4075520
4075520
4075520
4075520
4075520
4075520
4075520
4083712
4083712
4083712
4083712
4083712
4083712
4083712
4083712
4067328
4067328
4067328
4067328
4063232
4063232
4063232
4063232
4063232
4063232
4063232
4063232
4063232
4063232
4063232
4063232
4063232
4071424
4071424
4071424
4071424
4071424
4071424
4071424
4071424
3997696
4067328
4067328
4067328
3964928
3964928
3964928
3964928
3964928
3973120
3973120
3973120
3973120
3960832
3960832
3960832
3960832
3948544
3948544
3948544
3948544
3948544
3948544
3948544
3948544
3883008
3932160
3854336
3854336
3850240
3850240
3850240
3850240
3850240
3862528
3862528
3862528
3862528
3862528
3862528
3862528
3862528
3870720
3870720
3870720
3870720
3870720
3870720
3870720
3870720
3883008
3846144
3850240
3850240
3850240
3878912
3878912
3878912
3878912
3883008
3883008
3883008
3883008
3887104
3887104
3887104
3887104
3895296
3895296
3895296
3895296
3899392
3899392
3899392
3899392
3710976
3899392
3903488
3903488
3903488
3915776
3915776
3915776
3915776
3915776
3915776
3915776
3915776
3919872
3919872
3919872
3919872
3923968
3923968
3923968
3923968
3923968
3923968
3923968
3923968
3858432
3948544
3948544
3948544
3948544
3956736
3956736
3956736
3956736
3956736
3956736
3956736
3956736
3956736
3956736
3956736
3956736
3964928
3964928
3964928
3964928
3964928
3964928
3964928
3964928
3985408
3911680
3911680
3911680
3911680
3936256
3936256
3936256
3936256
3952640
3952640
3952640
3952640
3956736
3956736
3956736
3956736
3964928
3964928
3964928
3964928
3964928
3964928
3964928
3964928
3895296
3936256
3936256
3936256
3936256
3944448
3944448
3944448
3944448
3956736
3956736
3956736
3956736
3956736
3956736
3956736
3956736
3964928
3964928
3964928
3964928
3964928
3964928
3964928
3964928
3993600
3973120
3977216
3977216
3981312
3895296
3616768
3620864
3620864
3600384
3653632
3653632
3653632
3895296
3616768
3616768
3616768
3485696
3616768
3616768
3616768
3584000
3624960
3629056
3629056
3612672
3620864
3620864
3620864
3624960
3637248
3371008
3444736
3383296
3383296
3362816
3416064
3350528
3399680
3223552
3432448
3571712
3915776
3915776
3915776
3915776
3923968
3923968
3923968
3923968
3915776
3862528
3862528
3862528
3866624
3874816
3874816
3874816
3874816
3903488
3903488
3903488
3903488
3903488
3903488
3903488
3903488
3903488
3903488
3903488
3903488
3911680
3911680
3911680
3911680
3854336
3895296
3895296
3895296
3895296
3895296
3895296
3895296
3895296
3903488
3903488
3903488
3903488
3903488
3903488
3903488
3903488
3903488
3903488
3903488
3903488
3911680
3911680
3911680
3911680
3911680
3936256
3936256
3936256
3936256
3952640
3952640
3952640
3952640
3964928
3964928
3964928
3964928
3964928
3964928
3964928
3964928
3973120
3973120
3973120
3973120
3973120
3973120
3973120
3973120
3981312
3956736
3956736
3956736
3956736
3903488
3903488
3903488
3903488
3903488
3903488
3903488
3903488
3911680
3911680
3911680
3911680
3915776
3915776
3915776
3915776
3915776
3915776
3915776
3915776
3940352
3948544
3948544
3948544
3948544
3923968
3923968
3923968
3923968
3923968
3923968
3923968
3923968
3928064
3928064
3928064
3928064
3932160
3932160
3932160
3932160
3932160
3932160
3932160
3932160
3964928
3891200
3891200
3891200
3923968
3923968
3940352
3940352
3960832
3960832
3964928
3964928
3964928
3964928
3964928
3964928
3964928
3964928
3923968
3923968
3923968
3928064
3944448
3944448
3944448
3944448
3969024
3969024
3969024
3969024
3977216
3977216
3977216
3977216
3977216
3977216
3977216
3977216
3977216
3977216
3977216
3977216
3960832
3887104
3887104
3887104
3891200
3899392
3899392
3899392
3899392
3911680
3911680
3911680
3911680
3911680
3911680
3911680
3911680
3915776
3915776
3915776
3915776
3915776
3915776
3915776
3915776
3842048
3936256
3870720
3870720
3760128
3891200
3891200
3891200
3891200
3891200
3891200
3891200
3891200
3903488
3903488
3903488
3903488
3911680
3911680
3911680
3911680
3919872
3919872
3919872
3919872
3928064
3944448
3944448
3944448
3829760
3960832
3960832
3960832
3977216
3977216
3977216
3977216
3977216
4001792
4001792
4001792
4001792
4001792
4001792
4001792
4001792
4009984
4009984
4009984
4009984
3903488
3981312
3981312
3981312
3993600
3993600
3993600
3993600
3989504
3989504
3989504
3989504
3989504
3989504
3989504
3989504
3989504
3989504
3989504
3989504
3989504
3989504
3989504
3989504
3989504
3940352
3747840
3665920
3665920
3629056
3661824
3665920
3665920
3686400
3612672
3661824
3661824
3694592
3657728
3661824
3661824
3661824
3682304
3665920
3665920
3665920
3674112
3657728
3661824
3661824
3608576
3670016
3555328
3538944
3342336
3522560
3543040
3555328
3457024
3575808
3395584
3387392
3547136
3416064
3280896
3362816
3235840
3444736
3444736
3444736
3403776
3276800
3289088
3358720
3375104
3321856
3362816
3190784
3276800
3366912
3301376
3137536
3289088
3239936
3162112
3141632
3178496
3268608
3252224
3026944
3084288
2949120
3059712
2953216
2957312
2908160
2895872
2981888
2936832
2920448
2912256
2797568
2883584
2973696
2940928
3014656
2981888
3031040
2899968
2830336
2809856
2760704
2674688
2772992
2547712
2564096
2715648
2658304
2506752
2682880
2588672
2465792
2551808
2551808
2600960
2609152
2543616
2502656
2580480
2379776
2412544
2469888
2428928
2437120
2281472
2408448
2392064
2351104
2322432
2191360
2363392
2428928
2351104
2301952
2297856
2338816
2301952
2269184
2248704
2187264
2240512
2260992
2273280
2150400
2093056
2183168
2105344
2043904
1957888
2138112
1814528
1884160
2052096
1921024
1810432
1892352
1781760
1806336
1896448
1953792
1994752
2035712
1753088
1732608
1892352
1605632
1765376
1695744
1724416
1740800
1622016
1654784
1703936
1658880
1609728
1622016
1564672
1716224
1687552
1638400
1626112
1527808
1613824
1634304
1372160
1515520
1314816
1310720
1298432
1310720
1277952
1204224
1277952
1257472
1200128
1159168
1294336
1249280
1277952
1093632
983040
3932160
3932160
3932160
3932160
3940352
3940352
3940352
3940352
3940352
3940352
3940352
3940352
3858432
3915776
3915776
3915776
3813376
3948544
3764224
3764224
3641344
3788800
3674112
3674112
3563520
3416064
3575808
3592192
3497984
3608576
3620864
3461120
3620864
3522560
3301376
3416064
3141632
3264512
3272704
3256320
3190784
3248128
3248128
3121152
3104768
2973696
3108864
3026944
2985984
2850816
2998272
2936832
2768896
2801664
2809856
2863104
2859008
2715648
2805760
2674688
2723840
2719744
2625536
2691072
2764800
2662400
2711552
2756608
2744320
2691072
2682880
2625536
2609152
2621440
2629632
2695168
2682880
2523136
2588672
2428928
2494464
2523136
2576384
2433024
2367488
2232320
2285568
2392064
2420736
2285568
2375680
2162688
2211840
2109440
2007040
2027520
2060288
2105344
1933312
2084864
2007040
2076672
2043904
2007040
1921024
2023424
2056192
1896448
1835008
1912832
1712128
1757184
1695744
1896448
1794048
1794048
1720320
1888256
1912832
1982464
1925120
1798144
1798144
1650688
1720320
1642496
1593344
1736704
1593344
1597440
1675264
1499136
1552384
1581056
1388544
1486848
1404928
1404928
1515520
1507328
1339392
1388544
1388544
1298432
1253376
1208320
1257472
1228800
1273856
1298432
1175552
1122304
987136
1118208
909312
925696
901120
839680
802816
913408
761856
831488
733184
835584
745472
733184
823296
802816
548864
696320
598016
638976
700416
667648
626688
598016
593920
704512
647168
577536
622592
634880
598016
593920
561152
528384
557056
471040
524288
471040
389120
417792
344064
405504
385024
438272
421888
409600
454656
442368
344064
323584
348160
327680
327680
299008
233472
290816
299008
290816
229376
188416
139264
176128
221184
249856
249856
114688
114688
135168
110592
102400
102400
131072
126976
98304
114688
122880
126976
131072

