undefined
undefined
 db-limit
 100
 Thu Aug 19 2021 13
undefined
undefined
303104
253952
253952
253952
266240
266240
266240
258048
258048
258048
286720
286720
286720
286720
286720
311296
311296
311296
221184
221184
221184
233472
233472
233472
258048
258048
258048
221184
221184
221184
155648
155648
942081048576
942081048576
3674112
3674112
3674112
3694592
3694592
3694592
3698688
3698688
3698688
3657728
3657728
3657728
3682304
3682304
3682304
3682304
3682304
3682304
3661824
3661824
3682304
3682304
3682304
3596288
3596288
3596288
3616768
3616768
3616768
3645440
3645440
3645440
3547136
3547136
3547136
3518464
3518464
3518464
3350528
3350528
3297280
3297280
3297280
3166208
3166208
3166208
3158016
3158016
3158016
3002368
3002368
3002368
2953216
2953216
2953216
2801664
2801664
2801664
2736128
2736128
2736128
2646016
2646016
2584576
2584576
2584576
2523136
2523136
2523136
2527232
2527232
2527232
2334720
2334720
2334720
2351104
2351104
2351104
2195456
2195456
2195456
2134016
2134016
2105344
2105344
2105344
2035712
2035712
2035712
2056192
2056192
2056192
1916928
1916928
1916928
1863680
1863680
1863680
1843200
1843200
1843200
1802240
18022401048576
18022401048576
18022401048576
3985408
3985408
3985408
3964928
3964928
3964928
3993600
3993600
3993600
3899392
3899392
3899392
3915776
3915776
3915776
3915776
3915776
3915776
3915776
3915776
3923968
3923968
3923968
3928064
3928064
3928064
3928064
3928064
3928064
3907584
3907584
3907584
3923968
3923968
3923968
3928064
3928064
3928064
3928064
3928064
3932160
3932160
3932160
3940352
3940352
3940352
3940352
3940352
3940352
3944448
3944448
3944448
3948544
3948544
3948544
3928064
3928064
3948544
3948544
3948544
3948544
3948544
3948544
3948544
3948544
3948544
3948544
3948544
3948544
3952640
3952640
3952640
3952640
3952640
3952640
3915776
3915776
3915776
3915776
3915776
3801088
3801088
3801088
3751936
3751936
3751936
3751936
3751936
3751936
3760128
3760128
3760128
3764224
3764224
3764224
3764224
3764224
3764224
3764224
3764224
3792896
3792896
3792896
3792896
3792896
3792896
3809280
3809280
3809280
3710976
3710976
3710976
3739648
3739648
3739648
3665920
3665920
3649536
3649536
3649536
3620864
3620864
3620864
3551232
3551232
3551232
3584000
3584000
3584000
3608576
3608576
3608576
3624960
3624960
3624960
3608576
3608576
3604480
3604480
3604480
3571712
3571712
3571712
3604480
3604480
3604480
3612672
3612672
3612672
3616768
3616768
3616768
3579904
3579904
3579904
3457024
3457024
3444736
3444736
3444736
3338240
3338240
3338240
3346432
3346432
3346432
3305472
3305472
3305472
3211264
3211264
3211264
3162112
3162112
3162112
3047424
3047424
2949120
2949120
2949120
2834432
2834432
2834432
2580480
2580480
2580480
2539520
2539520
2539520
2510848
2510848
2510848
2527232
2527232
2527232
2351104
2351104
2351104
2240512
2240512
2179072
2179072
2179072
2174976
2174976
2174976
2039808
2039808
2039808
2039808
2039808
2039808
1966080
1966080
1966080
1953792
1953792
1818624
1818624
1818624
1728512
1728512
1728512
1753088
1753088
1753088
1671168
1671168
1671168
1572864
1572864
1572864
1585152
1585152
1585152
1273856
1273856
1273856
1236992
1236992
1130496
1130496
9420801048576
9420801048576
9420801048576
3661824
3661824
3661824
3661824
3661824
3661824
3616768
3616768
36167681048576
36167681048576
36167681048576
3928064
3928064
3932160
3932160
3932160
3932160
3932160
3932160
3932160
3932160
3932160
3932160
3932160
3932160
3932160
3932160
3932160
3928064
3928064
3928064
3948544
3948544
3948544
3948544
3948544
3948544
3948544
3948544
3952640
3952640
3952640
3952640
3952640
3952640
3964928
3964928
3964928
3964928
3964928
3964928
3923968
39239681048576
39239681048576
39239681048576
3977216
3977216
3977216
3977216
3977216
3977216
3977216
3977216
3977216
3981312
3981312
3981312
3981312
3981312
3981312
3989504
3989504
3989504
3989504
3989504
3960832
3960832
3960832
3936256
3936256
3936256
3964928
3964928
3964928
3964928
3964928
3964928
3964928
3964928
3964928
3964928
3964928
3969024
3969024
3969024
3973120
3973120
3973120
3973120
3973120
3973120
3899392
3899392
38993921048576
38993921048576
38993921048576
3932160
3932160
3932160
3932160
3932160
3932160
3932160
3932160
3932160
3932160
3932160
3936256
3936256
3936256
3936256
3936256
3936256
3772416
3772416
3772416
3674112
3674112
3674112
3649536
3649536
3649536
3670016
3670016
3670016
3670016
3670016
3649536
3649536
3649536
3678208
3678208
3678208
3637248
3637248
3637248
3649536
3649536
3649536
3629056
3629056
3629056
3596288
3596288
3596288
3596288
3596288
3596288
3596288
3596288
3604480
3604480
3604480
3637248
3637248
3637248
3629056
3629056
3629056
3612672
3612672
3612672
3563520
3563520
3592192
3592192
3592192
3600384
3600384
3600384
3596288
3596288
3596288
3543040
3543040
3543040
3530752
3530752
3530752
3461120
3461120
3461120
3411968
3411968
3432448
3432448
3432448
3391488
3391488
3391488
3264512
3264512
3264512
3203072
3203072
3203072
3125248
3125248
3125248
3002368
3002368
3002368
2990080
2990080
2842624
2842624
2842624
2834432
2834432
2834432
2834432
2834432
2834432
2777088
2777088
2777088
2785280
2785280
2785280
2662400
2662400
2662400
2695168
2695168
2695168
2535424
2535424
2461696
2461696
2461696
2392064
2392064
2392064
2371584
2371584
2371584
2080768
2080768
2080768
2076672
2076672
2076672
1937408
1937408
1937408
1818624
1818624
1818624
1789952
17899521048576
17899521048576
17899521048576
3784704
3784704
3784704
3784704
3784704
3784704
3637248
3637248
3637248
3637248
3637248
3637248
3653632
3653632
3653632
3670016
3670016
3633152
3633152
3633152
3571712
3571712
3571712
3600384
3600384
3600384
3600384
3600384
3600384
3432448
3432448
3432448
3317760
3317760
3317760
3305472
3305472
3309568
3309568
3309568
3268608
3268608
3268608
3248128
3248128
3248128
3182592
3182592
3182592
3145728
3145728
3145728
3063808
3063808
3063808
3076096
3076096
3022848
3022848
3022848
3006464
3006464
3006464
2981888
2981888
2981888
2863104
2863104
2863104
2826240
2826240
2826240
2764800
2764800
2764800
2678784
2678784
2560000
2560000
2560000
2416640
2416640
2416640
2449408
2449408
2449408
2347008
2347008
2347008
2326528
2326528
2326528
2117632
2117632
2117632
2080768
2080768
1990656
1990656
1990656
1933312
1933312
1933312
1949696
1949696
1949696
1970176
1970176
1970176
2002944
2002944
2002944
1986560
1986560
1986560
1835008
1835008
1818624
1818624
1818624
1695744
1695744
1695744
1658880
1658880
1658880
1638400
1638400
1638400
1441792
1441792
1441792
1417216
1417216
1417216
1384448
1384448
1409024
1409024
1409024
1404928
1404928
1404928
1368064
1368064
1368064
1368064
1368064
1368064
1359872
1359872
1359872
1310720
1310720
1310720
1236992
1236992
1093632
1093632
1093632
991232
991232
991232
978944
978944
978944
913408
913408
913408
856064
856064
856064
724992
724992
724992
638976
638976
638976
598016
598016
536576
536576
536576
405504
405504
405504
417792
417792
417792
425984
425984
425984
368640
368640
368640
364544
364544
364544
319488
319488
274432
274432
274432
282624
282624
282624
249856
249856
249856
282624
282624
282624
270336
270336
270336
241664
241664
241664
237568
237568
217088
217088
942081048576
942081048576
942081048576
4243456
4243456
4243456
4210688
4210688
4210688
4177920
4177920
4177920
4177920
4177920
4177920
4177920
4177920
4177920
4177920
4177920
4177920
4177920
4177920
4177920
4177920
4177920
4177920
4177920
4177920
4112384
4112384
4112384
4112384
4112384
4112384
4124672
4124672
4124672
4124672
4124672
4124672
4124672
4124672
4132864
4132864
4132864
4141056
4141056
4141056
4141056
4141056
4141056
4141056
4141056
4141056
4096000
4096000
4104192
4104192
4104192
4108288
4108288
4108288
4108288
4108288
4108288
4108288
4108288
4108288
4108288
4108288
4108288
4116480
4116480
4116480
4116480
4116480
4116480
4116480
4116480
4100096
4100096
4100096
4096000
4096000
4096000
4096000
4096000
4096000
4096000
4096000
4096000
4096000
4096000
4096000
4096000
4096000
4104192
4104192
4104192
4104192
4104192
4104192
4104192
4104192
4104192
4100096
4100096
4100096
3997696
3997696
3997696
3997696
3997696
3997696
4005888
4005888
3993600
3993600
3993600
3993600
3993600
3993600
3981312
3981312
3981312
3981312
3981312
3981312
3915776
3915776
3915776
3887104
3887104
3887104
3883008
3883008
3895296
3895296
3895296
3895296
3895296
3895296
3895296
3895296
3895296
3903488
3903488
3903488
3903488
3903488
3903488
3903488
3903488
3903488
3878912
3878912
3883008
3883008
3883008
3911680
3911680
3911680
3915776
3915776
3915776
3915776
3915776
3915776
3919872
3919872
3919872
3928064
3928064
3928064
3932160
3932160
3932160
3932160
3932160
3936256
3936256
3936256
3948544
3948544
3948544
3948544
3948544
3948544
3948544
3948544
3948544
3952640
3952640
3952640
3952640
3952640
3952640
3956736
3956736
3956736
3956736
3956736
3956736
3956736
3956736
3981312
3981312
3981312
3989504
3989504
3989504
3989504
3989504
3989504
3989504
3989504
3989504
3989504
3989504
3997696
3997696
3997696
3997696
3997696
3997696
3997696
3997696
3997696
4018176
4018176
4018176
3944448
3944448
3944448
3969024
3969024
3969024
3985408
3985408
3985408
3985408
3985408
3989504
3989504
3989504
3997696
3997696
3997696
3997696
3997696
3997696
3997696
3997696
3997696
3969024
3969024
3969024
3969024
3969024
3977216
3977216
3977216
3989504
3989504
3989504
3989504
3989504
3989504
3989504
3989504
3989504
3997696
3997696
3997696
3997696
3997696
3997696
3997696
3997696
3997696
4009984
4009984
3678208
3678208
3678208
3653632
3653632
36536321048576
36536321048576
36536321048576
3686400
3686400
3686400
3649536
3649536
3649536
3649536
3649536
3649536
3649536
3649536
3661824
3661824
3661824
3653632
3653632
3653632
3502080
3502080
3502080
3448832
3448832
3448832
3465216
3465216
3465216
3432448
3432448
34324481048576
34324481048576
3948544
3948544
3948544
3948544
3948544
3948544
3956736
3956736
3956736
3895296
3895296
3895296
3899392
3899392
3899392
3907584
3907584
3907584
3936256
3936256
3936256
3936256
3936256
3936256
3936256
3936256
3936256
3936256
3936256
3944448
3944448
3944448
3944448
3944448
3944448
3928064
3928064
3928064
3928064
3928064
3928064
3928064
3928064
3936256
3936256
3936256
3936256
3936256
3936256
3936256
3936256
3936256
3936256
3936256
3936256
3944448
3944448
3944448
3969024
3969024
3969024
3969024
3969024
3985408
3985408
3985408
3997696
3997696
3997696
3997696
3997696
3997696
3997696
3997696
3997696
4005888
4005888
4005888
4005888
4005888
4005888
4005888
4005888
3989504
3989504
3989504
3989504
3989504
3989504
3936256
3936256
3936256
3936256
3936256
3936256
3936256
3936256
3936256
3944448
3944448
3944448
3948544
3948544
3948544
3948544
3948544
3948544
3948544
3948544
3981312
3981312
3981312
3981312
3981312
3981312
3956736
3956736
3956736
3956736
3956736
3960832
3960832
3960832
3960832
3960832
3960832
3964928
3964928
3964928
3964928
3964928
3964928
3964928
3964928
3964928
3923968
3923968
39239681048576
39239681048576
39239681048576
3973120
3973120
3973120
3997696
3997696
3997696
3997696
3997696
3997696
3997696
3997696
3956736
3956736
3956736
3952640
3952640
3952640
3977216
3977216
3977216
4001792
4001792
4001792
4009984
4009984
4009984
4009984
4009984
4009984
4009984
4009984
4009984
4009984
4009984
4009984
4009984
4009984
3919872
3919872
3919872
3932160
3932160
3932160
3932160
3932160
3944448
3944448
3944448
3944448
3944448
3944448
3944448
3944448
3944448
3948544
3948544
3948544
3948544
3948544
3948544
3891200
3891200
3891200
3903488
3903488
3903488
3923968
3923968
3923968
3923968
3923968
3923968
3923968
3923968
3936256
3936256
3936256
3944448
3944448
3944448
3944448
3944448
3944448
3952640
3952640
3977216
3977216
3977216
3977216
3977216
3977216
3993600
3993600
3993600
4009984
4009984
4009984
4034560
4034560
4034560
4034560
4034560
4034560
4034560
4034560
4034560
4042752
4042752
4042752
4042752
4042752
4014080
4014080
4014080
4026368
4026368
4026368
4026368
4026368
4026368
4022272
4022272
4022272
4022272
4022272
4022272
4022272
4022272
4022272
4022272
4022272
4022272
4022272
4022272
3776512
3776512
3776512
3698688
3698688
3698688
3694592
3694592
3694592
3719168
3719168
3719168
3694592
3694592
3694592
3694592
3694592
3674112
3674112
3674112
3698688
3698688
3698688
3694592
3694592
3694592
3641344
3641344
3641344
3571712
3571712
3571712
3575808
3575808
3575808
3551232
3551232
3448832
3448832
3448832
3448832
3448832
3448832
3477504
3477504
3477504
3395584
3395584
3395584
3391488
3391488
3391488
3395584
3395584
3338240
3338240
3338240
3260416
3260416
3260416
3280896
3280896
3280896
3162112
3162112
3162112
3117056
3117056
3117056
2985984
2985984
2985984
3010560
3010560
3010560
3010560
3010560
3043328
3043328
3043328
3047424
3047424
3047424
2936832
2936832
2936832
2777088
2777088
2777088
2805760
2805760
2805760
2736128
2736128
2625536
2625536
2625536
2654208
2654208
2654208
2584576
2584576
2584576
2519040
2519040
2519040
2445312
2445312
2445312
2478080
2478080
2478080
2412544
2412544
2433024
2433024
2433024
2379776
2379776
2379776
2347008
2347008
2347008
2326528
2326528
2326528
2285568
2285568
2285568
2183168
2183168
2183168
2138112
2138112
2138112
2121728
2121728
2052096
2052096
2052096
2019328
2019328
2019328
2052096
2052096
2052096
1896448
1896448
1896448
1765376
1765376
1765376
1798144
1798144
1798144
1773568
1773568
1753088
1753088
1753088
1753088
1753088
1753088
1667072
1667072
1667072
1654784
1654784
1654784
1544192
1544192
1544192
1355776
1355776
1355776
1327104
1327104
1286144
1286144
1286144
1306624
1306624
1306624
1097728
1097728
9461761048576
9461761048576
9461761048576
3964928
3964928
3964928
3973120
3973120
3973120
3973120
3973120
3973120
3973120
3973120
3940352
3940352
3940352
3948544
3948544
3948544
3796992
3796992
3796992
3706880
3706880
3706880
3596288
3596288
3596288
3620864
3620864
3620864
3620864
3620864
3420160
3420160
3420160
3284992
3284992
3284992
3272704
3272704
3272704
3301376
3301376
3301376
3121152
3121152
3121152
3047424
3047424
2949120
2949120
2949120
2908160
2908160
2908160
2813952
2813952
2813952
2834432
2834432
2834432
2801664
2801664
2801664
2789376
2789376
2789376
2785280
2785280
2682880
2682880
2682880
2711552
2711552
2711552
2613248
2613248
2613248
2646016
2646016
2646016
2568192
2568192
2568192
2400256
2400256
2400256
2424832
2424832
2273280
2273280
2273280
2109440
2109440
2109440
2113536
2113536
2113536
2088960
2088960
2088960
2109440
2109440
2109440
2068480
2068480
2015232
2015232
2015232
2002944
2002944
2002944
1957888
1957888
1957888
1982464
1982464
1982464
1961984
1961984
1961984
1830912
1830912
1830912
1753088
1753088
1691648
1691648
1691648
1626112
1626112
1626112
1581056
1581056
1581056
1527808
1527808
1527808
1470464
1470464
1470464
1421312
1421312
1421312
1265664
1265664
1298432
1298432
1298432
1130496
1130496
1130496
991232
991232
991232
970752
970752
970752
835584
835584
835584
864256
864256
864256
864256
864256
745472
745472
745472
708608
708608
708608
712704
712704
712704
716800
716800
716800
700416
700416
700416
667648
667648
667648
593920
593920
593920
524288
524288
462848
462848
462848
479232
479232
479232
499712
499712
499712
405504
405504
405504
352256
352256
352256
344064
344064
303104
303104
303104
262144
262144
262144
249856
249856
249856
167936
167936
167936
155648
155648
155648
135168
135168
135168
147456
147456
147456
147456
undefined
