90112
90112
81920
65536
69632
122880
159744
159744
114688
135168
139264
126976
106496
106496
77824
77824
53248
24576
24576
151552
278528
282624
282624
274432
212992
212992
200704
172032
172032
172032
172032
172032
61440
86016
143360
143360
143360
147456
147456
147456
147456
147456
86016
86016
86016
86016
86016
86016
86016
69632
86016
3768320
3768320
3768320
3768320
3768320
3768320
3768320
3768320
3768320
3768320
3768320
3768320
3768320
3604480
3538944
3387392
3391488
3330048
3178496
3203072
3190784
3117056
2981888
2846720
2617344
2465792
2478080
2551808
3731456
3731456
3723264
3440640
3518464
3563520
3514368
3387392
3297280
3301376
3039232
3055616
2932736
2772992
2580480
2711552
2535424
2560000
2367488
2273280
2318336
2244608
2109440
2080768
1949696
2080768
1830912
1806336
1798144
1712128
1712128
1576960
1605632
1470464
1343488
1261568
1122304
1077248
1028096
946176
778240
638976
589824
483328
380928
282624
204800
208896
217088
172032
126976
110592
90112
102400
40960
57344
3424256
3444736
3506176
3506176
3510272
3506176
3506176
3485696
3506176
3506176
3424256
3354624
3334144
3334144
3424256
3194880
3424256
3235840
3338240
3424256
3424256
3284992
3305472
3203072
3018752
3006464
2871296
2838528
2703360
2711552
2613248
2596864
2383872
2502656
2338816
2318336
1945600
2129920
1945600
1781760
1773568
1556480
1667072
1486848
1445888
1404928
1265664
1310720
1105920
794624
3424256
3465216
3354624
3272704
3354624
3055616
3022848
2854912
2957312
2850816
2772992
2637824
2658304
2621440
2408448
2433024
2334720
2035712
1855488
1765376
1753088
1433600
1454080
1536000
1490944
1478656
1495040
1265664
1249280
1122304
937984
3649536
3649536
3649536
3440640
3641344
3641344
3649536
3649536
3649536
3653632
3653632
3653632
3653632
3653632
3604480
3526656
3375104
3477504
3301376
3334144
3309568
3125248
3047424
2809856
2674688
2650112
2547712
2228224
2293760
2048000
1986560
1875968
1576960
1462272
1421312
1376256
1179648
933888
3522560
3588096
3534848
3592192
3592192
3473408
3170304
3174400
3096576
3006464
3506176
3792896
3792896
3792896
3792896
3792896
3792896
3792896
3792896
3796992
3796992
3796992
3796992
3796992
3792896
3792896
3682304
3612672
3608576
3608576
3608576
3563520
3563520
3461120
3469312
3493888
3076096
3207168
3497984
3723264
3723264
3727360
3727360
3547136
3407872
3559424
3559424
3555328
3551232
3551232
3399680
3272704
3149824
3112960
3088384
3002368
2859008
2785280
2703360
2641920
3571712
3588096
3551232
3551232
3551232
3551232
3551232
3428352
3551232
3395584
3551232
3551232
3514368
3551232
3551232
3518464
3551232
3276800
3252224
3174400
3035136
3088384
3002368
2916352
2883584
2904064
2768896
2686976
2719744
2555904
2351104
2318336
2359296
2220032
3473408
3702784
3702784
3702784
3702784
3702784
3702784
3702784
3702784
3702784
3702784
3702784
3702784
3702784
3702784
3698688
3686400
3596288
3371008
3297280
3362816
3137536
2961408
3006464
3002368
2875392
2682880
2592768
2469888
2396160
2326528
2293760
2220032
2027520
1912832
1548288
1536000
1409024
1540096
1363968
1318912
1105920
1077248
1007616
909312
622592
659456
614400
638976
487424
454656
335872
180224
106496
94208
3477504
3448832
3440640
3338240
3211264
3018752
3006464
3039232
2928640
2859008
2793472
2846720
2715648
2584576
2555904
2592768
2531328
2244608
2297856
2322432
2220032
2084864
1859584
1912832
1798144
1650688
1294336
1449984
1368064
1392640
978944
3452928
3473408
3497984
3444736
3493888
3493888
3452928
3457024
3485696
3649536
3649536
3649536
3649536
3543040
3330048
3571712
3571712
3481600
3575808
3506176
3563520
3563520
3375104
3465216
3489792
3493888
3493888
3493888
3268608
3055616
2965504
2899968
2744320
2691072
2711552
2699264
2666496
2678784
3502080
3457024
3502080
3502080
3399680
3502080
3502080
3145728
3137536
3026944
2932736
2899968
2576384
2514944
2490368
2236416
2215936
2150400
3612672
3612672
3612672
3616768
3616768
3616768
3620864
3608576
3571712
3330048
3174400
3284992
3182592
3047424
3502080
3649536
3649536
3649536
3657728
3657728
3661824
3661824
3661824
3653632
3653632
3567616
3530752
3575808
3579904
3551232
3510272
3510272
3289088
3227648
3084288
2990080
2920448
2646016
2605056
2613248
2646016
2469888
2199552
2330624
2207744
2060288
1794048
1912832
1622016
1798144
1736704
1617920
1523712
1560576
1323008
1404928
1265664
1269760
1159168
847872
3702784
3702784
3702784
3706880
3706880
3706880
3629056
3629056
3629056
3448832
3424256
3346432
3293184
3141632
2981888
2940928
2940928
2744320
2539520
2420736
2314240
2195456
2150400
2125824
2105344
1912832
1712128
1646592
1523712
1474560
1396736
1388544
1388544
1101824
1032192
970752
704512
626688
651264
360448
262144
258048
192512
233472
94208
3674112
3719168
3719168
3723264
3723264
3551232
3530752
3506176
3506176
3411968
3305472
3256320
3207168
3502080
3506176
3248128
3334144
3125248
3043328
3137536
3080192
2899968
2793472
2781184
2740224
2609152
2486272
2523136
2170880
2142208
2101248
1953792
2007040
1769472
1662976
1687552
1732608
1585152
1671168
1679360
1462272
1245184
1249280
974848
3477504
3477504
3469312
3473408
3473408
3383296
3284992
3162112
3084288
3125248
2883584
2867200
2699264
2621440
2371584
2256896
2248704
2113536
2007040
1916928
1789952
1622016
1572864
1474560
1454080
1359872
1187840
1204224
909312
3555328
3489792
3563520
3563520
3424256
3551232
3551232
3555328
3547136
3547136
3538944
3538944
3538944
3284992
3166208
3104768
3076096
3178496
3076096
2850816
2842624
2674688
2543616
2437120
2375680
2437120
2322432
2162688
2097152
1900544
2084864
1708032
1769472
1617920
1265664
1204224
1249280
1228800
1257472
937984
3461120
3362816
3461120
3461120
3321856
3162112
3174400
2981888
3010560
2838528
2740224
2355200
2379776
2199552
2170880
2023424
1708032
1871872
1589248
1540096
1400832
1261568
1269760
1286144
1216512
1167360
999424
3465216
3354624
3379200
3227648
3231744
3141632
3182592
3125248
2969600
3022848
2928640
2732032
2789376
2670592
2580480
2433024
2363392
2252800
2027520
2117632
2117632
1970176
1875968
2023424
1957888
1908736
1847296
1785856
1646592
1589248
1499136
1331200
1347584
1224704
1105920
929792
3698688
3743744
3751936
3751936
3764224
3764224
3559424
3764224
3764224
3764224
3764224
3764224
3768320
3768320
3768320
3760128
3760128
3567616
3432448
3203072
3260416
3190784
3104768
3055616
3026944
2977792
2895872
2727936
2699264
2555904
2392064
2088960
2109440
1912832
1892352
1744896
1806336
1622016
1613824
1339392
1478656
1466368
1204224
970752
3481600
3526656
3440640
3526656
3526656
3530752
3526656
3375104
3227648
3108864
3059712
2912256
2920448
2715648
2748416
2600960
2560000
2371584
2244608
1961984
1847296
1695744
1626112
1503232
1380352
1351680
1347584
1261568
942080
3477504
3477504
3485696
3485696
3485696
3194880
3125248
3158016
3174400
3072000
3039232
2940928
2813952
2822144
2723840
2453504
2412544
2306048
2043904
1880064
1757184
1830912
1757184
1630208
1634304
1630208
1552384
1597440
1396736
1441792
1363968
958464
3493888
3391488
3489792
3489792
3461120
3489792
3489792
3346432
3321856
3301376
3678208
3682304
3682304
3690496
3690496
3411968
3350528
3289088
3039232
3051520
2785280
2867200
2899968
2871296
2736128
2457600
2494464
2330624
2310144
1871872
2007040
1806336
1777664
1720320
1617920
1458176
1327104
1163264
1060864
1064960
1003520
847872
806912
598016
446464
393216
204800
352256
225280
102400
118784
77824
3616768
3616768
3616768
3616768
3620864
3620864
3629056
3629056
3629056
3629056
3629056
3629056
3620864
3620864
3547136
3358720
3489792
3489792
3170304
3063808
2965504
2924544
2875392
2781184
2629632
2531328
2539520
3473408
3481600
3477504
3477504
3604480
3600384
3358720
3399680
3145728
2977792
2932736
2826240
2945024
2748416
2781184
2736128
2682880
2547712
2576384
2478080
2486272
2281472
2215936
2174976
2228224
3575808
3620864
3620864
3612672
3620864
3620864
3538944
3543040
3543040
3268608
3297280
3375104
3223552
3108864
3207168
3166208
3018752
3022848
3018752
2854912
2813952
2576384
2371584
2428928
2441216
2351104
1961984
2035712
2011136
3481600
3526656
3338240
3317760
3227648
3067904
3031040
2891776
2715648
2895872
2859008
2727936
2838528
3489792
3354624
3493888
3493888
3493888
3502080
3506176
3579904
3534848
3497984
3473408
3497984
3497984
3379200
3489792
3493888
3502080
3493888
3493888
3473408
3432448
3264512
3112960
3063808
2879488
2932736
2940928
2854912
3633152
3633152
3633152
3633152
3633152
3633152
3633152
3633152
3633152
3629056
3629056
3633152
3633152
3641344
3805184
3805184
3805184
3698688
3698688
3698688
3637248
3637248
3637248
3543040
3543040
3543040
3547136
3547136
3547136
3538944
3538944
3543040
3313664
3272704
3100672
3035136
2990080
2969600
2813952
2621440
2424832
2420736
2379776
2154496
2166784
1908736
1904640
1708032
1622016
1445888
1470464
1155072
1236992
1101824
1064960
921600
3461120
3407872
3461120
3461120
3440640
3330048
3330048
3612672
3612672
3534848
3489792
3543040
3547136
3526656
3526656
3526656
3448832
3072000
3026944
2899968
2932736
2850816
2871296
2842624
2777088
2629632
2605056
2629632
2347008
2371584
2236416
2007040
2007040
1921024
1753088
1740800
1630208
1658880
1503232
1437696
1409024
1359872
1134592
1036288
1110016
1085440
946176
757760
806912
770048
671744
618496
311296
507904
499712
409600
368640
385024
159744
167936
147456
81920
3543040
3547136
3325952
2953216
3035136
3002368
3080192
2732032
2641920
2359296
2473984
2379776
2240512
2269184
2060288
1830912
1732608
1687552
1626112
1593344
1527808
1499136
1458176
1409024
1478656
3514368
3538944
3530752
3297280
3198976
3235840
3182592
3133440
3084288
2838528
2682880
2781184
2723840
2727936
2650112
2420736
2355200
2277376
2220032
1945600
1798144
1810432
1617920
1540096
1396736
1155072
1060864
1101824
933888
3506176
3506176
3358720
3264512
3244032
3162112
3170304
3207168
2990080
2871296
2682880
2744320
2613248
2613248
2416640
2441216
2318336
2256896
2162688
2060288
2179072
1863680
1830912
1433600
1523712
1380352
1257472
1155072
1306624
929792
3612672
3612672
3620864
3629056
3629056
3629056
3629056
3629056
3629056
3629056
3629056
3629056
3518464
3518464
3518464
3432448
3227648
3039232
2854912
2822144
2695168
2584576
2482176
2461696
2183168
2211840
2138112
2207744
2072576
2088960
1912832
1953792
1884160
1871872
1662976
1552384
1372160
1327104
1232896
1048576
1187840
958464
3502080
3465216
3502080
3502080
3420160
3342336
3239936
3256320
3219456
2965504
2936832
2875392
2752512
2633728
2584576
2539520
2318336
2400256
2068480
2125824
2023424
1957888
1761280
1724416
1462272
1429504
1462272
1134592
1175552
933888
3518464
3522560
3522560
3522560
3522560
3502080
3522560
3522560
3510272
3522560
3522560
3485696
3514368
3497984
3145728
3297280
3166208
2936832
3108864
3035136
2981888
2916352
2854912
2994176
2818048
2715648
2609152
2396160
2375680
3477504
3432448
3440640
3219456
3284992
3108864
3125248
2998272
2908160
3002368
2949120
2859008
2789376
2641920
2400256
2502656
2342912
2400256
2232320
2027520
2064384
1916928
1884160
2179072
1896448
1818624
1683456
1613824
1368064
1368064
1335296
1310720
1257472
1003520
876544
3600384
3563520
3600384
3604480
3379200
3145728
3207168
3149824
3080192
2998272
3022848
2834432
2711552
2871296
2699264
2613248
2646016
2334720
2330624
2162688
1875968
1839104
1761280
1695744
1507328
1294336
1105920
983040
3497984
3502080
3272704
3387392
3235840
3264512
3231744
3235840
3534848
3538944
3428352
3395584
3366912
3493888
3522560
3522560
3366912
3334144
3297280
3227648
3174400
2949120
2899968
2789376
2670592
2572288
2523136
2433024
2428928
2260992
1970176
2088960
1871872
1540096
1744896
1687552
1597440
1613824
1589248
1445888
1404928
1298432
1196032
1163264
1179648
937984
3461120
3473408
3465216
3473408
3473408
3297280
3137536
3170304
3170304
3043328
3018752
3035136
2854912
2842624
2834432
2719744
2781184
2629632
2379776
2269184
2043904
1916928
1916928
1896448
1814528
1757184
1765376
1515520
1605632
1335296
1245184
1368064
1286144
1089536
1024000
966656
3567616
3584000
3584000
3592192
3592192
3592192
3596288
3604480
3559424
3665920
3665920
3665920
3653632
3653632
3612672
3612672
3612672
3461120
3592192
3592192
3584000
3584000
3584000
3588096
3588096
3584000
3473408
3268608
3354624
3297280
3067904
3035136
2994176
2768896
2822144
2707456
2740224
2670592
2637824
2641920
2527232
2469888
2269184
2162688
2105344
1855488
1687552
1638400
1466368
1421312
1409024
1196032
1257472
995328
3678208
3686400
3686400
3678208
3678208
3616768
3457024
3403776
3350528
3371008
3342336
3223552
3018752
2949120
2863104
2846720
2650112
2600960
2621440
2494464
2318336
2195456
2166784
2166784
2093056
1855488
1736704
1589248
1601536
1601536
1454080
1331200
1380352
1232896
978944
3465216
3510272
3325952
3514368
3387392
3399680
3289088
3231744
3174400
3055616
2879488
2691072
2482176
2510848
2576384
2359296
2420736
2408448
2220032
1871872
1810432
1728512
1720320
1597440
1470464
1404928
1314816
1208320
1339392
1060864
1060864
876544
831488
802816
684032
667648
630784
651264
540672
454656
339968
266240
118784
204800
163840
94208
3473408
3506176
3305472
3252224
3260416
3190784
3026944
3055616
2998272
2891776
2748416
2768896
2682880
2641920
2506752
2535424
2301952
2359296
2183168
2002944
2052096
1953792
1814528
1765376
1650688
1634304
1490944
1392640
1245184
1155072
1347584
970752
3608576
3608576
3608576
3440640
3608576
3608576
3608576
3612672
3612672
3620864
3620864
3624960
3633152
3633152
3637248
3518464
3596288
3596288
3330048
3530752
3534848
3538944
3395584
3383296
3305472
3174400
3022848
2715648
2703360
2600960
2396160
2351104
2109440
2035712
1830912
1896448
1839104
1675264
1634304
1642496
3469312
3407872
3481600
3481600
3481600
3481600
3256320
3309568
3325952
3215360
3190784
3149824
3088384
3047424
3096576
3084288
2932736
3043328
3641344
3641344
3649536
3502080
3633152
3624960
3538944
3543040
3551232
3317760
3248128
3219456
3227648
2920448
2793472
2666496
2539520
2584576
2437120
2269184
2326528
2174976
2101248
1822720
2031616
1990656
1859584
1687552
1650688
1511424
1396736
1511424
1306624
1224704
880640
3518464
3526656
3461120
3518464
3477504
3493888
3518464
3526656
3162112
3207168
3080192
3031040
3035136
2875392
2908160
2830336
2883584
2551808
2715648
2600960
2433024
2342912
2232320
2248704
2048000
1839104
1695744
1703936
1531904
1339392
1445888
1282048
1179648
1224704
1052672
958464
815104
761856
790528
700416
638976
372736
471040
368640
401408
356352
364544
360448
204800
172032
118784
147456
110592
139264
131072
114688
106496
118784
110592
94208
3575808
3485696
3575808
3575808
3489792
3575808
3575808
3407872
3346432
3215360
3092480
2990080
3022848
2916352
2875392
2723840
2715648
2486272
2359296
2490368
2256896
2232320
2129920
2019328
1912832
1794048
1585152
1482752
1511424
1343488
1351680
1339392
1384448
1310720
1236992
1036288
954368
880640
757760
598016
544768
536576
483328
389120
475136
450560
323584
290816
290816
262144
249856
188416
208896
139264
131072
3534848
3579904
3579904
3428352
3203072
3067904
3182592
3145728
2846720
2785280
2691072
2625536
2531328
2461696
2420736
2121728
2027520
1990656
3584000
3588096
3334144
3411968
3534848
3268608
3067904
3145728
3108864
2961408
2842624
2809856
2879488
2785280
2486272
2469888
2318336
2260992
1961984
2064384
1949696
1941504
2052096
1941504
1875968
1777664
1667072
1622016
1544192
1343488
1273856
1183744
1064960
806912
724992
589824
651264
491520
495616
339968
376832
331776
253952
159744
151552
139264
3473408
3592192
3592192
3592192
3338240
3166208
3342336
3280896
3137536
3063808
2998272
2916352
2838528
2768896
2568192
2498560
2166784
2142208
3629056
3629056
3629056
3633152
3633152
3633152
3633152
3633152
3633152
3637248
3584000
3530752
3592192
3592192
3592192
3522560
3526656
3526656
3301376
3092480
3072000
2850816
2949120
2748416
2936832
2670592
2646016
2568192
2347008
2240512
2260992
2183168
1994752
2146304
1843200
1830912
1830912
1679360
1630208
1478656
1437696
1249280
1249280
1146880
1155072
954368
3698688
3698688
3702784
3702784
3702784
3702784
3604480
3604480
3604480
3612672
3612672
3596288
3596288
3596288
3588096
3588096
3457024
3440640
3543040
3551232
3399680
3543040
3543040
3440640
3215360
3158016
3080192
2977792
2678784
2686976
2584576
2510848
2392064
2338816
2174976
2015232
2052096
2043904
1732608
1667072
1646592
1474560
1216512
1044480
991232
3526656
3698688
3702784
3571712
3702784
3563520
3620864
3637248
3641344
3522560
3645440
3645440
3485696
3567616
3567616
3391488
3489792
3489792
3452928
3497984
3497984
3420160
3268608
3260416
3051520
2936832
2994176
2662400
2736128
2740224
3674112
3727360
3727360
3715072
3715072
3715072
3715072
3715072
3715072
3489792
3534848
3215360
3080192
3088384
3035136
2965504
2957312
2953216
2809856
2752512
2719744
3551232
3551232
3555328
3555328
3555328
3538944
3551232
3334144
3268608
3207168
3256320
3268608
3207168
3104768
2826240
2904064
2801664
2813952
2789376
2699264
2498560
2478080
2486272
2420736
3608576
3596288
3596288
3600384
3457024
3362816
3317760
3190784
3137536
3002368
3031040
3096576
2818048
2965504
3538944
3588096
3706880
3710976
3661824
3678208
3678208
3579904
3686400
3686400
3682304
3682304
3682304
3682304
3682304
3682304
3629056
3637248
3637248
3633152
3633152
3616768
3624960
3624960
3592192
3522560
3534848
3538944
3411968
3547136
3547136
3481600
3280896
3293184
3321856
3231744
3194880
3133440
3158016
3031040
3014656
3006464
3010560
2879488
2748416
2711552
2584576
2592768
2445312
2260992
2260992
2187264
2076672
2109440
1974272
2015232
3534848
3665920
3670016
3670016
3674112
3674112
3547136
3678208
3678208
3678208
3678208
3678208
3682304
3682304
3682304
3686400
3686400
3624960
3497984
3547136
3547136
3497984
3543040
3543040
3469312
3543040
3543040
3358720
3203072
3260416
2863104
2924544
2719744
2596864
2453504
2486272
2293760
2113536
2179072
2129920
1921024
1941504
3530752
3502080
3346432
3338240
3284992
3080192
3252224
3006464
3063808
2813952
2826240
2674688
2703360
2736128
2629632
2666496
2310144
2285568
2285568
2236416
2117632
2265088
2142208
1683456
1712128
1712128
1462272
1576960
1429504
1306624
1318912
1216512
905216
3575808
3575808
3575808
3280896
3350528
3170304
3264512
3239936
3125248
2957312
2920448
2613248
2576384
2367488
2359296
2297856
2277376
2043904
1830912
1896448
1814528
1748992
1597440
1593344
1519616
1515520
1396736
1175552
1036288
1064960
1036288
1085440
937984
3506176
3502080
3506176
3506176
3321856
3375104
3174400
3076096
3022848
2863104
2772992
2588672
2686976
2473984
2560000
2363392
2203648
2142208
1929216
2052096
2146304
2162688
2052096
2019328
1933312
1728512
1490944
1470464
1388544
1216512
1302528
1138688
1216512
1126400
1097728
1101824
3530752
3530752
3387392
3096576
3108864
3022848
2797568
2564096
2531328
2494464
2297856
2224128
2076672
2056192
1826816
1744896
1732608
1777664
1650688
1617920
1335296
1224704
1163264
1155072
983040
3534848
3473408
3457024
3313664
3284992
3252224
3133440
3084288
3129344
3043328
2932736
2965504
2723840
2711552
2457600
2420736
2306048
2306048
2248704
2228224
2035712
1925120
1740800
1634304
1757184
1695744
1613824
1605632
1388544
1548288
1421312
1339392
1458176
1380352
1220608
1064960
962560
3588096
3641344
3829760
3829760
3829760
3801088
3821568
3821568
3764224
3764224
3764224
3579904
3764224
3764224
3710976
3723264
3723264
3620864
3645440
3649536
3600384
3596288
3596288
3407872
3289088
3145728
3104768
3026944
2957312
2936832
2686976
2457600
2359296
2375680
2228224
2084864
1961984
1916928
1843200
1761280
1576960
1257472
1118208
1282048
3543040
3428352
3448832
3399680
3428352
3284992
3166208
3051520
2965504
2969600
2928640
2887680
2764800
2867200
2682880
2588672
2523136
2379776
2314240
2383872
2224128
1990656
1822720
1748992
1773568
1863680
3497984
3391488
3502080
3502080
3469312
3493888
3502080
3653632
3653632
3653632
3653632
3653632
3653632
3661824
3661824
3620864
3497984
3502080
3493888
3379200
3497984
3375104
3493888
3493888
3502080
3633152
3633152
3633152
3493888
3502080
3502080
3678208
3678208
3579904
3538944
3547136
3547136
3698688
3698688
3698688
3698688
3698688
3702784
3702784
3702784
3702784
3702784
3702784
3702784
3702784
3653632
3522560
3637248
3641344
3637248
3637248
3637248
3600384
3600384
3608576
3608576
3608576
3608576
3592192
3596288
3395584
3563520
3551232
3444736
3379200
3121152
3334144
3010560
3018752
3018752
2924544
2883584
2727936
2551808
2580480
2412544
2396160
2310144
2146304
2203648
1785856
1835008
1687552
1589248
1466368
1454080
1347584
1409024
1253376
1204224
1085440
929792
3489792
3489792
3489792
3330048
3162112
3207168
3035136
2969600
2912256
2916352
2830336
2744320
2682880
2244608
2142208
2129920
1871872
1925120
1888256
1716224
1638400
1634304
1290240
1216512
1003520
1134592
987136
3538944
3432448
3543040
3543040
3444736
3534848
3538944
3256320
3272704
3325952
3305472
3215360
3129344
2916352
2879488
2793472
2801664
2752512
2629632
2478080
2502656
2375680
2281472
2060288
1970176
2011136
1966080
1781760
1785856
1753088
1679360
1622016
1384448
1433600
1318912
1032192
909312
3584000
3563520
3588096
3575808
3420160
3371008
3485696
3788800
3837952
3715072
3756032
3760128
3760128
3489792
3461120
3428352
3149824
3174400
3248128
3125248
2949120
2801664
2641920
2535424
2547712
2478080
2465792
2375680
2285568
2162688
2105344
1945600
1921024
1703936
1826816
1691648
1638400
1564672
1380352
1400832
1380352
1224704
1081344
1073152
995328
3575808
3592192
3555328
3579904
3469312
3383296
3379200
3387392
3375104
3203072
3059712
3002368
2961408
2813952
2674688
2736128
2748416
2699264
2527232
2674688
2658304
2473984
3518464
3575808
3534848
3420160
3375104
3276800
3223552
3104768
2961408
2859008
2912256
2629632
2555904
2551808
2424832
2146304
2240512
2039808
2007040
1961984
1769472
1748992
1699840
1671168
1568768
1433600
1249280
1277952
1118208
1081344
831488
745472
815104
770048
643072
532480
368640
327680
192512
225280
188416
135168
118784
151552
3493888
3854336
3858432
3858432
3727360
3727360
3629056
3534848
3534848
3538944
3530752
3530752
3416064
3485696
3485696
3387392
3403776
3485696
3215360
3072000
3002368
2981888
2772992
2834432
2777088
2637824
2641920
2478080
2306048
2113536
2154496
2084864
1892352
1810432
1671168
1572864
1368064
1101824
1048576
798720
778240
774144
741376
602112
557056
499712
385024
393216
438272
307200
249856
319488
294912
163840
270336
3469312
3477504
3411968
3325952
3338240
3256320
2990080
2961408
2912256
2797568
2560000
2416640
2539520
2457600
2236416

