229376
229376
229376
1265664
1265664
217088
217088
217088
1204224
1204224
155648
155648
155648
1191936
1191936
159744
159744
159744
1208320
1208320
180224
180224
180224
1228800
1228800
172032
172032
172032
1220608
1220608
143360
143360
143360
1191936
1191936
143360
143360
1187840
1187840
139264
139264
139264
1187840
1187840
139264
139264
139264
1187840
1187840
139264
139264
139264
1183744
1183744
180224
180224
180224
1228800
1228800
196608
196608
196608
1245184
1245184
180224
180224
180224
1220608
1220608
172032
172032
172032
1191936
1191936
143360
143360
143360
1191936
143360
143360
143360
1187840
1187840
139264
139264
139264
1175552
1175552
126976
126976
126976
1167360
1167360
163840
163840
163840
1212416
1212416
184320
184320
184320
1232896
1232896
163840
163840
163840
1212416
1212416
163840
163840
163840
1212416
163840
163840
163840
1204224
1204224
155648
155648
155648
1204224
1204224
155648
155648
155648
1204224
1204224
155648
155648
155648
1200128
1200128
176128
176128
176128
1224704
1224704
155648
155648
155648
1204224
1204224
143360
143360
1187840
1187840
139264
139264
139264
1183744
1183744
135168
135168
135168
1183744
1183744
135168
135168
135168
1175552
1175552
172032
172032
172032
1220608
1220608
188416
188416
188416
1236992
1236992
159744
159744
159744
1196032
1196032
147456
147456
147456
1191936
1191936
143360
143360
143360
1191936
143360
143360
143360
1187840
1187840
139264
139264
139264
1179648
1179648
176128
176128
176128
1224704
1224704
172032
172032
172032
1220608
1220608
155648
155648
155648
1196032
1196032
147456
147456
147456
1196032
1196032
147456
147456
147456
1196032
1196032
147456
147456
1179648
1179648
131072
131072
131072
1179648
1179648
167936
167936
167936
1216512
1216512
167936
167936
167936
1216512
1216512
163840
163840
163840
1212416
1212416
163840
163840
163840
1208320
1208320
159744
159744
159744
1191936
1191936
143360
143360
1171456
1171456
1171456
1171456
1171456
1220608
1220608
147456
147456
147456
1196032
1196032
139264
139264
139264
1187840
1187840
135168
135168
135168
1183744
1183744
135168
135168
135168
1179648
1179648
131072
131072
131072
1179648
1179648
131072
131072
131072
1167360
1167360
167936
167936
167936
1216512
188416
188416
188416
188416
1236992
188416
188416
188416
1224704
1224704
176128
176128
176128
1224704
1224704
176128
176128
176128
1224704
1224704
176128
176128
176128
1216512
1216512
167936
167936
167936
1200128
1200128
172032
172032
172032
1220608
1220608
172032
172032
172032
1220608
1220608
172032
172032
1204224
1204224
155648
155648
155648
1196032
1196032
147456
147456
147456
1191936
1191936
143360
143360
143360
1183744
1183744
135168
135168
135168
1183744
1183744
172032
172032
172032
1220608
1220608
159744
159744
159744
1208320
1208320
159744
159744
159744
1204224
1204224
155648
155648
1200128
1200128
151552
151552
151552
1196032
1196032
147456
147456
147456
1187840
1187840
139264
139264
139264
1183744
1183744
176128
176128
176128
1224704
1224704
167936
167936
167936
1216512
167936
167936
167936
1212416
1212416
163840
163840
163840
1208320
1208320
159744
159744
159744
1204224
1204224
155648
155648
155648
1204224
1204224
176128
176128
176128
1224704
1224704
196608
196608
196608
1232896
1232896
184320
184320
184320
1212416
1212416
184320
184320
184320
1216512
1216512
184320
184320
1208320
1208320
176128
176128
176128
1224704
1224704
172032
172032
172032
1216512
1216512
167936
167936
167936
1208320
1208320
159744
159744
159744
1204224
1204224
155648
155648
155648
1167360
1167360
163840
163840
163840
1212416
1212416
180224
180224
180224
1228800
1228800
172032
172032
1220608
1220608
172032
172032
172032
1196032
1196032
147456
147456
147456
1196032
1196032
147456
147456
147456
1191936
1191936
143360
143360
143360
1179648
1179648
176128
176128
176128
1224704
1224704
192512
192512
192512
1241088
1241088
163840
163840
163840
1212416
155648
155648
155648
1204224
1204224
155648
155648
155648
1196032
1196032
147456
147456
147456
1196032
1196032
147456
147456
147456
1183744
1183744
135168
135168
135168
1175552
1175552
172032
172032
172032
1220608
1220608
188416
188416
188416
1236992
1236992
172032
172032
172032
1220608
163840
163840
163840
1200128
1200128
151552
151552
151552
1196032
1196032
147456
147456
147456
1187840
1187840
139264
139264
139264
1175552
1175552
126976
126976
126976
1171456
1171456
126976
126976
126976
1175552
1175552
126976
126976
126976
1175552
1175552
126976
126976
126976
1171456
122880
122880
122880
1171456
1171456
172032
172032
172032
1220608
1220608
167936
167936
167936
1216512
1216512
163840
163840
163840
1212416
1212416
163840
163840
163840
1212416
1212416
163840
163840
163840
1212416
1212416
163840
163840
163840
1208320
1208320
159744
159744
159744
1183744
180224
180224
180224
1228800
1228800
196608
196608
196608
1245184
1245184
176128
176128
176128
1224704
1224704
172032
172032
172032
1216512
1216512
167936
167936
167936
1216512
1216512
167936
167936
167936
1200128
1200128
151552
151552
151552
1179648
1179648
131072
131072
131072
1171456
180224
180224
180224
1228800
1228800
200704
200704
200704
1249280
1249280
172032
172032
172032
1220608
1220608
172032
172032
172032
1220608
1220608
172032
172032
172032
1212416
1212416
163840
163840
163840
1204224
1204224
155648
155648
1175552
1175552
126976
126976
126976
1175552
1175552
184320
184320
184320
1232896
1232896
184320
184320
184320
1232896
1232896
176128
176128
176128
1220608
1220608
172032
172032
172032
1220608
1220608
172032
172032
172032
1220608
1220608
172032
172032
172032
1216512
1216512
167936
167936
1191936
1191936
163840
163840
163840
1212416
1212416
180224
180224
180224
1228800
1228800
172032
172032
172032
1220608
1220608
155648
155648
155648
1200128
1200128
151552
151552
151552
1200128
1200128
151552
151552
151552
1196032
1196032
147456
147456
1187840
1187840
139264
139264
139264
1183744
1183744
188416
188416
188416
1236992
1236992
204800
204800
204800
1253376
1253376
180224
180224
180224
1228800
1228800
176128
176128
176128
1216512
1216512
167936
167936
167936
1216512
1216512
167936
167936
167936
1200128
151552
151552
151552
1187840
1187840
139264
139264
139264
1179648
1179648
192512
192512
192512
1241088
1241088
208896
208896
208896
1257472
1257472
196608
196608
196608
1245184
1245184
196608
196608
196608
1228800
1228800
180224
180224
180224
1228800
1228800
180224
180224
1224704
1224704
176128
176128
176128
1208320
1208320
159744
159744
159744
1183744
1183744
184320
184320
184320
1232896
1232896
184320
184320
184320
1232896
1232896
176128
176128
176128
1220608
1220608
172032
172032
1212416
1212416
163840
163840
163840
1212416
1212416
1212416
1212416
1212416
1241088
1241088
192512
192512
192512
1212416
1212416
204800
204800
204800
1253376
1253376
221184
221184
221184
1269760
1269760
212992
212992
212992
1261568
1261568
196608
196608
196608
1232896
1232896
184320
184320
184320
1216512
1216512
167936
167936
1208320
1208320
159744
159744
159744
1171456
1171456
122880
122880
122880
1167360
1167360
184320
184320
184320
1232896
1232896
200704
200704
200704
1249280
1249280
167936
167936
167936
1216512
1216512
167936
167936
167936
1216512
1216512
167936
167936
1208320
1208320
159744
159744
159744
1191936
1191936
143360
143360
143360
1187840
1187840
1187840
1187840
1187840
1232896
1232896
200704
200704
200704
1249280
1249280
188416
188416
188416
1236992
1236992
188416
188416
188416
1216512
1216512
167936
167936
1208320
1208320
159744
159744
159744
1208320
1208320
159744
159744
159744
1208320
1208320
159744
159744
159744
1187840
1187840
192512
192512
192512
1241088
1241088
208896
208896
208896
1257472
1257472
200704
200704
200704
1249280
1249280
200704
200704
200704
1200128
1200128
151552
151552
1196032
1196032
147456
147456
147456
1191936
1191936
143360
143360
143360
1187840
1187840
139264
139264
139264
1175552
1175552
180224
180224
180224
1228800
1228800
196608
196608
196608
1245184
1245184
180224
180224
1228800
1228800
180224
180224
180224
1224704
1224704
176128
176128
176128
1220608
1220608
172032
172032
172032
1220608
1220608
172032
172032
172032
1200128
1200128
151552
151552
151552
1187840
1187840
184320
184320
184320
1232896
1232896
196608
196608
196608
1245184
188416
188416
188416
1236992
1236992
180224
180224
180224
1220608
1220608
172032
172032
172032
1220608
1220608
172032
172032
172032
1212416
1212416
163840
163840
163840
1179648
1179648
131072
131072
131072
1171456
1171456
184320
184320
1232896
1232896
200704
200704
200704
1249280
1249280
172032
172032
172032
1220608
1220608
167936
167936
167936
1216512
1216512
167936
167936
167936
1216512
1216512
167936
167936
167936
1208320
1208320
159744
159744
159744
1179648
1179648
131072
131072
131072
1171456
188416
188416
188416
1236992
1236992
180224
180224
180224
1228800
1228800
180224
180224
180224
1228800
1228800
180224
180224
180224
1220608
1220608
172032
172032
172032
1216512
1216512
167936
167936
167936
1208320
1208320
159744
159744
1191936
1191936
143360
143360
143360
1179648
1179648
188416
188416
188416
1236992
1236992
180224
180224
180224
1228800
1228800
176128
176128
176128
1224704
1224704
176128
176128
176128
1220608
1220608
172032
172032
1208320
1208320
159744
159744
159744
1208320
1208320
159744
159744
159744
1187840
1187840
139264
139264
139264
1187840
1187840
196608
196608
196608
1245184
1245184
184320
184320
184320
1232896
1232896
184320
184320
184320
1220608
1220608
172032
172032
172032
1220608
1220608
172032
172032
1216512
1216512
167936
167936
167936
1208320
1208320
159744
159744
159744
1204224
1204224
155648
155648
155648
1187840
1187840
184320
184320
184320
1232896
1232896
180224
180224
180224
1228800
1228800
180224
180224
180224
1220608
172032
172032
172032
1212416
1212416
163840
163840
163840
1212416
1212416
163840
163840
163840
1212416
1212416
163840
163840
163840
1208320
1208320
184320
184320
184320
1232896
1232896
200704
200704
200704
1249280
1249280
167936
167936
167936
1216512
1216512
167936
167936
1212416
1212416
163840
163840
163840
1212416
1212416
163840
163840
163840
1212416
1212416
163840
163840
163840
1191936
1191936
143360
143360
143360
1171456
1171456
192512
192512
192512
1241088
1241088
208896
208896
208896
1257472
1257472
208896
208896
208896
1257472
204800
204800
204800
1249280
1249280
200704
200704
200704
1249280
1249280
200704
200704
200704
1245184
1245184
196608
196608
196608
1220608
1220608
172032
172032
172032
1204224
1204224
196608
196608
196608
1245184
212992
212992
212992
1261568
1261568
208896
208896
208896
1257472
1257472
196608
196608
196608
1212416
1212416
163840
163840
163840
1212416
1212416
163840
163840
163840
1212416
1212416
163840
163840
163840
1183744
1183744
135168
135168
135168
1171456
1171456
188416
188416
188416
1236992
204800
204800
204800
1253376
1253376
188416
188416
188416
1236992
1236992
188416
188416
188416
1232896
1232896
184320
184320
184320
1224704
1224704
176128
176128
176128
1208320
1208320
159744
159744
159744
1196032
1196032
147456
147456
1175552
1175552
192512
192512
192512
1241088
1241088
192512
192512
192512
1241088
1241088
192512
192512
192512
1228800
1228800
180224
180224
180224
1224704
1224704
176128
176128
176128
1224704
1224704
176128
176128
176128
1224704
1224704
176128
176128
176128
1224704
1224704
208896
208896
208896
1257472
1257472
225280
225280
1273856
1273856
212992
212992
212992
1261568
1261568
196608
196608
196608
1241088
1241088
192512
192512
192512
1236992
1236992
188416
188416
188416
1232896
1232896
184320
184320
184320
1224704
1224704
176128
176128
176128
1196032
200704
200704
200704
1249280
1249280
217088
217088
217088
1265664
1265664
217088
217088
217088
1265664
1265664
192512
192512
192512
1241088
1241088
192512
192512
192512
1241088
1241088
192512
192512
192512
1232896
1232896
184320
184320
184320
1216512
167936
167936
167936
1212416
1212416
204800
204800
204800
1253376
1253376
221184
221184
221184
1269760
1269760
204800
204800
204800
1253376
1253376
167936
167936
167936
1216512
1216512
167936
167936
167936
1216512
1216512
167936
167936
167936
1216512
1216512
167936
167936
167936
1191936
1191936
143360
143360
1179648
1179648
204800
204800
204800
1253376
1253376
217088
217088
217088
1265664
1265664
192512
192512
192512
1241088
1241088
192512
192512
192512
1236992
1236992
188416
188416
188416
1232896
1232896
184320
184320
184320
1232896
1232896
184320
184320
1220608
1220608
172032
172032
172032
1200128
1200128
204800
204800
204800
1253376
1253376
192512
192512
192512
1241088
1241088
184320
184320
184320
1232896
1232896
184320
184320
184320
1232896
1232896
184320
184320
184320
1228800
1228800
180224
180224
180224
1228800
1228800
180224
180224
180224
1228800
212992
212992
212992
1261568
1261568
225280
225280
225280
1273856
1273856
217088
217088
217088
1265664
1265664
204800
204800
204800
1228800
1228800
180224
180224
180224
1220608
1220608
172032
172032
172032
1220608
1220608
172032
172032
172032
1171456
1171456
122880
122880
122880
1171456
1171456
204800
204800
204800
1253376
1253376
225280
225280
1273856
1273856
200704
200704
200704
1236992
1236992
188416
188416
188416
1232896
1232896
184320
184320
184320
1232896
1232896
184320
184320
184320
1228800
1228800
1228800
1228800
1228800
1257472
1257472
208896
208896
208896
1224704
1224704
225280
225280
225280
1273856
221184
221184
221184
1269760
1269760
204800
204800
204800
1253376
1253376
204800
204800
204800
1253376
1253376
204800
204800
204800
1249280
1249280
200704
200704
200704
1232896
1232896
184320
184320
184320
1216512
167936
167936
167936
1212416
1212416
200704
200704
200704
1249280
1249280
180224
180224
180224
1228800
1228800
180224
180224
180224
1220608
1220608
172032
172032
172032
1216512
1216512
167936
167936
167936
1200128
1200128
151552
151552
151552
1187840
139264
139264
139264
1187840
1187840
204800
204800
204800
1253376
1253376
217088
217088
217088
1265664
1265664
200704
200704
200704
1249280
1249280
184320
184320
184320
1228800
1228800
180224
180224
180224
1224704
1224704
176128
176128
176128
1224704
1224704
176128
176128
176128
1187840
1187840
139264
139264
139264
1187840
212992
212992
212992
1261568
1261568
225280
225280
225280
1273856
1273856
217088
217088
217088
1265664
1265664
212992
212992
212992
1245184
1245184
196608
196608
196608
1228800
1228800
180224
180224
180224
1224704
1224704
176128
176128
176128
1187840
139264
139264
139264
1171456
1171456
204800
204800
204800
1253376
1253376
221184
221184
221184
1269760
1269760
221184
221184
221184
1265664
1265664
217088
217088
217088
1261568
1261568
212992
212992
212992
1261568
1261568
212992
212992
212992
1257472
1257472
208896
208896
1183744
1183744
135168
135168
135168
1171456
1171456
200704
200704
200704
1249280
1249280
217088
217088
217088
1265664
1265664
204800
204800
204800
1253376
1253376
204800
204800
204800
1253376
1253376
204800
204800
204800
1245184
1245184
196608
196608
1236992
1236992
188416
188416
188416
1220608
1220608
212992
212992
212992
1261568
1261568
229376
229376
229376
1277952
1277952
221184
221184
221184
1269760
1269760
208896
208896
208896
1236992
1236992
188416
188416
188416
1232896
184320
184320
184320
1224704
1224704
176128
176128
176128
1196032
1196032
147456
147456
147456
1179648
1179648
217088
217088
217088
1265664
1265664
229376
229376
229376
1277952
1277952
225280
225280
225280
1265664
1265664
217088
217088
217088
1265664
217088
217088
217088
1253376
1253376
204800
204800
204800
1253376
1253376
204800
204800
204800
1249280
1249280
200704
200704
200704
1232896
1232896
233472
233472
233472
1282048
1282048
233472
233472
233472
1282048
1282048
212992
212992
212992
1261568
212992
212992
212992
1241088
1241088
192512
192512
192512
1232896
1232896
184320
184320
184320
1224704
1224704
176128
176128
176128
1171456
1171456
204800
204800
204800
1253376
1253376
221184
221184
221184
1269760
1269760
217088
217088
217088
1261568
1261568
212992
212992
1257472
1257472
208896
208896
208896
1236992
1236992
188416
188416
188416
1236992
1236992
188416
188416
188416
1232896
1232896
184320
184320
184320
1228800
1228800
212992
212992
212992
1261568
1261568
212992
212992
212992
1261568
1261568
208896
208896
208896
1257472
208896
208896
208896
1257472
1257472
208896
208896
208896
1257472
1257472
208896
208896
208896
1216512
1216512
167936
167936
167936
1208320
1208320
212992
212992
212992
1261568
1261568
225280
225280
225280
1273856
1273856
188416
188416
188416
1236992
1236992
163840
163840
163840
1208320
159744
159744
159744
1204224
1204224
155648
155648
155648
1204224
1204224
155648
155648
155648
1171456
1171456
122880
122880
122880
1171456
1171456
200704
200704
200704
1249280
1249280
217088
217088
217088
1265664
1265664
208896
208896
208896
1257472
1257472
208896
208896
208896
1253376
204800
204800
204800
1253376
1253376
204800
204800
204800
1245184
1245184
1245184
1245184
1245184
1261568
1261568
212992
212992
212992
1183744
1183744
212992
212992
212992
1261568
1261568
229376
229376
229376
1277952
1277952
221184
221184
221184
1269760
1269760
221184
221184
221184
1261568
1261568
212992
212992
1253376
1253376
204800
204800
204800
1249280
1249280
200704
200704
200704
1228800
1228800
180224
180224
180224
1167360
1167360
204800
204800
204800
1253376
1253376
200704
200704
200704
1249280
1249280
200704
200704
200704
1245184
196608
196608
196608
1236992
1236992
188416
188416
188416
1232896
1232896
184320
184320
184320
1228800
1228800
180224
180224
180224
1228800
1228800
180224
180224
180224
1167360
1167360
204800
204800
204800
1253376
1253376
200704
200704
200704
1249280
200704
200704
200704
1236992
1236992
188416
188416
188416
1232896
1232896
184320
184320
184320
1232896
1232896
184320
184320
184320
1232896
1232896
184320
184320
184320
1224704
1224704
217088
217088
217088
1265664
1265664
229376
229376
229376
1277952
1277952
221184
221184
221184
1269760
217088
217088
217088
1265664
1265664
217088
217088
217088
1257472
1257472
208896
208896
208896
1257472
1257472
208896
208896
208896
1224704
1224704
176128
176128
176128
1224704
1224704
221184
221184
221184
1269760
1269760
237568
237568
237568
1286144
1286144
217088
217088
217088
1265664
208896
208896
208896
1224704
1224704
176128
176128
176128
1208320
1208320
159744
159744
159744
1196032
1196032
1196032
1196032
1196032
1249280
1249280
200704
200704
200704
1179648
1179648
765952
765952
765952
1814528
1814528
786432
786432
786432
1835008
1835008
634880
634880
634880
1576960
528384
528384
528384
1236992
1236992
188416
188416
188416
1236992
1236992
188416
188416
188416
1232896
1232896
184320
184320
184320
1191936
1191936
143360
143360
143360
1175552
1175552
208896
208896
208896
1257472
204800
204800
204800
1253376
1253376
204800
204800
204800
1253376
1253376
204800
204800
204800
1249280
1249280
200704
200704
200704
1236992
1236992
188416
188416
188416
1236992
1236992
188416
188416
188416
1171456
1171456
122880
122880
1167360
1167360
212992
212992
212992
1261568
1261568
208896
208896
208896
1257472
1257472
208896
208896
208896
1257472
1257472
208896
208896
208896
1249280
1249280
200704
200704
200704
1249280
1249280
200704
200704
200704
1249280
1249280
200704
200704
200704
1245184
1245184
233472
233472
1282048
1282048
249856
249856
249856
1298432
1298432
241664
241664
241664
1290240
1290240
221184
221184
221184
1261568
1261568
212992
212992
212992
1253376
1253376
204800
204800
204800
1241088
1241088
192512
192512
192512
1191936
1191936
1191936
1191936
1261568
1261568
229376
229376
229376
1277952
1277952
241664
241664
241664
1290240
1290240
237568
237568
237568
1286144
1286144
229376
229376
229376
1277952
1277952
229376
229376
229376
1265664
1265664
217088
217088
217088
1257472
1257472
208896
208896
1167360
1167360
1167360
1167360
1167360
1257472
1257472
225280
225280
225280
1273856
1273856
237568
237568
237568
1286144
1286144
229376
229376
229376
1261568
1261568
212992
212992
212992
1261568
1261568
212992
212992
212992
1257472
1257472
208896
208896
208896
1257472
1257472
208896
208896
1171456
1171456
122880
122880
122880
1171456
1171456
212992
212992
212992
1261568
1261568
225280
225280
225280
1273856
1273856
221184
221184
221184
1269760
1269760
221184
221184
221184
1257472
1257472
208896
208896
208896
1257472
1257472
208896
208896
208896
1236992
1236992
188416
188416
1228800
1228800
180224
180224
180224
1196032
1196032
217088
217088
217088
1265664
1265664
229376
229376
229376
1277952
1277952
212992
212992
212992
1245184
1245184
196608
196608
196608
1245184
1245184
196608
196608
196608
1241088
1241088
192512
192512
1236992
1236992
188416
188416
188416
1175552
1175552
126976
126976
126976
1167360
1167360
208896
208896
208896
1257472
1257472
229376
229376
229376
1277952
1277952
208896
208896
208896
1253376
1253376
204800
204800
204800
1253376
204800
204800
204800
1249280
1249280
200704
200704
200704
1245184
1245184
196608
196608
196608
1179648
1179648
131072
131072
131072
1167360
1167360
208896
208896
208896
1257472
1257472
225280
225280
225280
1273856
1273856
225280
225280
225280
1273856
1273856
225280
225280
225280
1273856
225280
225280
225280
1273856
1273856
225280
225280
225280
1269760
1269760
221184
221184
221184
1224704
1224704
176128
176128
176128
1224704
1224704
221184
221184
221184
1269760
1269760
237568
237568
237568
1286144
1286144
233472
233472
233472
1282048
1282048
217088
217088
1265664
1265664
217088
217088
217088
1265664
1265664
217088
217088
217088
1265664
1265664
217088
217088
217088
1245184
1245184
196608
196608
196608
1212416
1212416
299008
299008
299008
1347584
1347584
348160
348160
348160
1396736
1396736
241664
241664
241664
1290240
1290240
233472
233472
1282048
1282048
233472
233472
233472
1265664
1265664
217088
217088
217088
1265664
1265664
217088
217088
1257472
1257472
208896
208896
208896
1232896
1232896
184320
184320
184320
1171456
1171456
233472
233472
233472
1282048
249856
249856
249856
249856
1298432
241664
241664
241664
1282048
1282048
233472
233472
233472
1277952
1277952
229376
229376
229376
1265664
1265664
217088
217088
217088
1257472
1257472
208896
208896
208896
1232896
1232896
184320
184320
184320
1167360
225280
225280
225280
1273856
1273856
237568
237568
237568
1286144
1286144
221184
221184
221184
1241088
1241088
192512
192512
192512
1232896
1232896
184320
184320
184320
1232896
1232896
184320
184320
184320
1228800
1228800
180224
180224
180224
1171456
1171456
122880
122880
1171456
1171456
225280
225280
225280
1273856
1273856
225280
225280
225280
1273856
1273856
221184
221184
221184
1257472
1257472
208896
208896
208896
1241088
1241088
192512
192512
192512
1236992
1236992
188416
188416
188416
1236992
1236992
188416
188416
188416
1232896
1232896
184320
184320
1224704
1224704
233472
233472
233472
1282048
1282048
225280
225280
225280
1273856
1273856
225280
225280
225280
1269760
1269760
221184
221184
221184
1224704
1224704
176128
176128
176128
1216512
1216512
167936
167936
167936
1212416
1212416
163840
163840
1171456
1171456
122880
122880
217088
122880
1171456
1171456
229376
229376
229376
1277952
1277952
212992
212992
212992
1261568
1261568
212992
212992
212992
1257472
1257472
208896
208896
208896
1257472
1257472
208896
208896
208896
1257472
1257472
208896
208896
208896
1257472
1257472
208896
208896
208896
1245184
245760
245760
245760
1294336
1294336
262144
262144
262144
1310720
1310720
249856
249856
249856
1298432
1298432
229376
229376
229376
1253376
1253376
204800
204800
204800
1245184
1245184
196608
196608
196608
1236992
1236992
188416
188416
188416
1232896
1232896
184320
184320
1196032
1196032
229376
229376
229376
1277952
1277952
245760
245760
245760
1294336
1294336
241664
241664
241664
1290240
1290240
229376
229376
229376
1269760
1269760
221184
221184
221184
1257472
1257472
208896
208896
208896
1253376
1253376
204800
204800
204800
1245184
196608
196608
196608
1224704
1224704
245760
245760
245760
1294336
1294336
258048
258048
258048
1306624
1306624
258048
258048
258048
1306624
1306624
233472
233472
233472
1277952
1277952
229376
229376
229376
1265664
1265664
217088
217088
1253376
1253376
204800
204800
204800
1249280
1249280
200704
200704
200704
1191936
1191936
143360
143360
143360
1175552
1175552
225280
225280
225280
1273856
1273856
241664
241664
241664
1290240
1290240
237568
237568
237568
1253376
1253376
204800
204800
1249280
1249280
200704
200704
200704
1236992
1236992
188416
188416
188416
1228800
1228800
180224
180224
180224
1171456
1171456
122880
122880
122880
1171456
1171456
233472
233472
233472
1282048
1282048
208896
208896
208896
1257472
1257472
204800
204800
1253376
1253376
204800
204800
204800
1253376
1253376
204800
204800
204800
1253376
1253376
204800
204800
204800
1241088
1241088
192512
192512
192512
1171456
1171456
237568
237568
237568
1286144
1286144
372736
372736
372736
1421312
1421312
290816
290816
290816
1339392
1339392
266240
266240
266240
1306624
258048
258048
258048
1306624
1306624
258048
258048
258048
1298432
1298432
249856
249856
249856
1187840
1187840
139264
139264
139264
1167360
1167360
237568
237568
237568
1286144
1286144
249856
249856
249856
1298432
1298432
233472
233472
233472
1282048
1282048
233472
233472
1265664
1265664
217088
217088
217088
1241088
1241088
192512
192512
192512
1241088
1241088
192512
192512
192512
1241088
1241088
1241088
1241088
1241088
1302528
1302528
270336
270336
270336
1318912
1318912
282624
282624
282624
1331200
1331200
270336
270336
270336
1318912
1318912
258048
258048
258048
1306624
1306624
258048
258048
1294336
1294336
245760
245760
245760
1282048
1282048
233472
233472
233472
1277952
1277952
229376
229376
229376
1253376
1253376
266240
266240
266240
1314816
1314816
294912
294912
294912
1343488
1343488
290816
290816
290816
1339392
1339392
262144
262144
262144
1298432
249856
249856
249856
1298432
1298432
249856
249856
249856
1298432
1298432
249856
249856
249856
1261568
1261568
212992
212992
212992
1245184
1245184
253952
253952
253952
1302528
1302528
266240
266240
266240
1314816
1314816
266240
266240
266240
1314816
1314816
249856
249856
1286144
1286144
237568
237568
237568
1286144
1286144
237568
237568
237568
1273856
1273856
225280
225280
225280
1269760
1269760
221184
221184
221184
1261568
1261568
212992
212992
212992
1261568
1261568
258048
258048
258048
1306624
1306624
258048
258048
258048
1306624
229376
229376
229376
1269760
1269760
221184
221184
221184
1265664
1265664
217088
217088
217088
1265664
1265664
217088
217088
217088
1261568
1261568
1261568
1261568
1261568
1298432
1298432
249856
249856
249856
1204224
1204224
282624
282624
282624
1331200
1331200
299008
299008
299008
1347584
294912
294912
294912
1323008
1323008
274432
274432
274432
1314816
1314816
266240
266240
266240
1314816
1314816
266240
266240
266240
1298432
1298432
249856
249856
249856
1282048
1282048
233472
233472
233472
1253376
1253376
253952
253952
1302528
1302528
270336
270336
270336
1318912
1318912
266240
266240
266240
1314816
1314816
253952
253952
253952
1294336
1294336
245760
245760
245760
1273856
1273856
225280
225280
225280
1236992
1236992
188416
188416
188416
1200128
1200128
1200128
1200128
1200128
1347584
1347584
315392
315392
315392
1363968
327680
327680
327680
1376256
1376256
294912
294912
294912
1343488
1343488
278528
278528
278528
1318912
1318912
270336
270336
270336
1273856
1273856
225280
225280
225280
1269760
1269760
221184
221184
221184
1249280
1249280
200704
200704
1245184
1245184
258048
258048
258048
1306624
1306624
294912
294912
294912
1343488
1343488
253952
253952
253952
1302528
1302528
241664
241664
241664
1290240
1290240
241664
241664
241664
1261568
1261568
212992
212992
212992
1232896
1232896
184320
184320
1187840
1187840
139264
139264
139264
1179648
1179648
249856
249856
249856
1298432
1298432
266240
266240
266240
1314816
1314816
262144
262144
262144
1310720
1310720
262144
262144
262144
1302528
1302528
253952
253952
253952
1294336
245760
245760
245760
1273856
1273856
225280
225280
225280
1273856
1273856
225280
225280
225280
1261568
1261568
253952
253952
253952
1302528
1302528
270336
270336
270336
1318912
1318912
249856
249856
249856
1298432
1298432
249856
249856
249856
1298432
1298432
249856
249856
249856
1298432
1298432
249856
249856
249856
1294336
245760
245760
245760
1282048
1282048
233472
233472
233472
1261568
1261568
212992
212992
212992
1253376
1253376
663552
663552
663552
1712128
1712128
548864
548864
548864
1597440
1597440
462848
462848
462848
1380352
331776
331776
331776
1343488
1343488
294912
294912
294912
1323008
1323008
274432
274432
274432
1318912
1318912
270336
270336
270336
1314816
1314816
266240
266240
266240
1306624
1306624
270336
270336
270336
1318912
286720
286720
286720
1335296
1335296
282624
282624
282624
1323008
1323008
274432
274432
274432
1306624
1306624
258048
258048
258048
1294336
1294336
245760
245760
245760
1294336
1294336
245760
245760
245760
1191936
1191936
143360
143360
143360
1191936
253952
253952
253952
253952
1302528
237568
237568
237568
1286144
1286144
237568
237568
237568
1273856
1273856
225280
225280
225280
1265664
1265664
217088
217088
217088
1249280
1249280
200704
200704
200704
1245184
1245184
196608
196608
196608
1183744
1183744
1183744
1183744
1294336
1294336
262144
262144
262144
1310720
1310720
262144
262144
262144
1310720
1310720
253952
253952
253952
1286144
1286144
237568
237568
237568
1286144
1286144
237568
237568
237568
1286144
1286144
237568
237568
237568
1265664
1265664
217088
217088
1212416
1212416
163840
163840
163840
1179648
1179648
245760
245760
245760
1294336
1294336
241664
241664
241664
1290240
1290240
241664
241664
241664
1290240
1290240
241664
241664
241664
1290240
1290240
241664
241664
241664
1286144
1286144
237568
237568
237568
1286144
1286144
237568
237568
1269760
1269760
221184
221184
221184
1187840
1187840
249856
249856
249856
1298432
1298432
262144
262144
262144
1310720
1310720
249856
249856
249856
1298432
1298432
249856
249856
249856
1294336
1294336
245760
245760
245760
1290240
1290240
241664
241664
1290240
1290240
241664
241664
241664
1253376
1253376
204800
204800
204800
1236992
1236992
245760
245760
245760
1294336
1294336
266240
266240
266240
1314816
1314816
253952
253952
253952
1302528
1302528
245760
245760
245760
1265664
1265664
217088
217088
1261568
1261568
212992
212992
212992
1253376
1253376
204800
204800
204800
1253376
1253376
204800
204800
204800
1245184
1245184
253952
253952
253952
1302528
1302528
270336
270336
270336
1318912
1318912
258048
258048
258048
1306624
1306624
245760
245760
245760
1265664
217088
217088
217088
1265664
1265664
217088
217088
217088
1265664
1265664
1265664
1265664
1265664
1302528
1302528
253952
253952
253952
1257472
1257472
274432
274432
274432
1323008
1323008
286720
286720
286720
1335296
1335296
274432
274432
274432
1323008
1323008
258048
258048
258048
1306624
1306624
258048
258048
258048
1302528
253952
253952
253952
1298432
1298432
249856
249856
249856
1277952
1277952
229376
229376
229376
1245184
1245184
258048
258048
258048
1306624
1306624
270336
270336
270336
1318912
1318912
262144
262144
262144
1310720
1310720
258048
258048
1306624
1306624
258048
258048
258048
1294336
1294336
245760
245760
245760
1294336
1294336
245760
245760
245760
1294336
1294336
245760
245760
245760
1269760
1269760
262144
262144
262144
1310720
1310720
278528
278528
278528
1327104
1327104
270336
270336
270336
1318912
1318912
266240
266240
266240
1306624
1306624
258048
258048
1302528
1302528
253952
253952
253952
1298432
1298432
249856
249856
249856
1286144
1286144
237568
237568
237568
1273856
1273856
225280
225280
225280
1249280
1249280
249856
249856
249856
1298432
1298432
241664
241664
241664
1290240
221184
221184
221184
1261568
1261568
212992
212992
212992
1261568
1261568
212992
212992
212992
1261568
1261568
212992
212992
212992
1245184
1245184
196608
196608
196608
1179648
1179648
131072
131072
131072
1179648
1179648
241664
241664
241664
1290240
1290240
237568
237568
237568
1286144
237568
237568
237568
1273856
1273856
225280
225280
225280
1265664
1265664
217088
217088
217088
1253376
1253376
204800
204800
204800
1249280
1249280
200704
200704
200704
1245184
1245184
196608
196608
196608
1183744
245760
245760
245760
1294336
1294336
237568
237568
237568
1286144
1286144
221184
221184
221184
1257472
1257472
208896
208896
208896
1257472
1257472
208896
208896
208896
1253376
1253376
204800
204800
204800
1249280
1249280
200704
200704
200704
1187840
1187840
139264
139264
1179648
1179648
245760
245760
245760
1294336
1294336
237568
237568
237568
1286144
1286144
217088
217088
217088
1257472
1257472
208896
208896
208896
1249280
1249280
200704
200704
200704
1249280
1249280
200704
200704
200704
1249280
1249280
200704
200704
200704
1245184
196608
196608
196608
1245184
1245184
253952
253952
253952
1302528
1302528
270336
270336
270336
1318912
1318912
262144
262144
262144
1310720
1310720
262144
262144
262144
1310720
1310720
262144
262144
262144
1310720
1310720
262144
262144
262144
1310720
1310720
262144
262144
262144
1261568
1261568
212992
212992
1253376
1253376
253952
253952
253952
1302528
1302528
262144
262144
262144
1310720
1310720
245760
245760
245760
1286144
1286144
237568
237568
237568
1282048
1282048
233472
233472
233472
1282048
1282048
233472
233472
233472
1277952
1277952
229376
229376
229376
1249280
200704
200704
200704
1179648
1179648
241664
241664
241664
1290240
1290240
258048
258048
258048
1306624
1306624
229376
229376
229376
1269760
1269760
221184
221184
221184
1269760
1269760
221184
221184
221184
1265664
1265664
217088
217088
217088
1265664
1265664
217088
217088
217088
1265664
1265664
217088
217088
1245184
1245184
249856
249856
249856
1298432
1298432
266240
266240
266240
1314816
1314816
253952
253952
253952
1282048
1282048
233472
233472
233472
1269760
1269760
221184
221184
221184
1269760
1269760
221184
221184
221184
1265664
1265664
1265664
1265664
1265664
1302528
1302528
266240
266240
266240
1314816
1314816
282624
282624
282624
1331200
270336
270336
270336
1318912
1318912
266240
266240
266240
1302528
1302528
253952
253952
253952
1290240
1290240
241664
241664
241664
1282048
1282048
233472
233472
233472
1245184
1245184
196608
196608
196608
1212416
1212416
249856
249856
249856
1298432
262144
262144
262144
1310720
1310720
258048
258048
258048
1306624
1306624
249856
249856
249856
1282048
1282048
233472
233472
233472
1273856
1273856
225280
225280
225280
1265664
1265664
217088
217088
217088
1265664
1265664
217088
217088
217088
1265664
1265664
278528
278528
278528
1327104
1327104
290816
290816
290816
1339392
1339392
278528
278528
1327104
1327104
274432
274432
274432
1318912
1318912
270336
270336
270336
1302528
1302528
253952
253952
253952
1290240
1290240
241664
241664
241664
1236992
1236992
188416
188416
188416
1216512
1216512
274432
274432
274432
1323008
294912
294912
294912
1343488
1343488
278528
278528
278528
1327104
1327104
278528
278528
278528
1327104
1327104
278528
278528
278528
1314816
1314816
266240
266240
266240
1314816
1314816
266240
266240
266240
1273856
1273856
225280
225280
225280
1273856
1273856
270336
270336
270336
1318912
1318912
258048
258048
258048
1306624
258048
258048
258048
1286144
1286144
237568
237568
237568
1286144
1286144
237568
237568
237568
1286144
1286144
237568
237568
237568
1282048
1282048
233472
233472
233472
1208320
1208320
1208320
1208320
1208320
1318912
1318912
286720
286720
286720
1335296
1335296
278528
278528
278528
1327104
278528
278528
278528
1327104
1327104
278528
278528
278528
1294336
1294336
245760
245760
245760
1277952
1277952
229376
229376
229376
1273856
1273856
1273856
1273856
1273856
1323008
1323008
286720
286720
286720
1335296
1335296
303104
303104
303104
1351680
1351680
294912
294912
294912
1343488
294912
294912
294912
1335296
1335296
286720
286720
286720
1335296
1335296
286720
286720
286720
1314816
1314816
266240
266240
266240
1282048
1282048
233472
233472
233472
1282048
1282048
282624
282624
282624
1331200
1331200
294912
294912
294912
1343488
1343488
290816
290816
290816
1339392
278528
278528
278528
1327104
1327104
278528
278528
278528
1323008
1323008
274432
274432
274432
1310720
1310720
262144
262144
262144
1208320
1208320
159744
159744
159744
1204224
1204224
266240
266240
266240
1314816
1314816
282624
282624
282624
1331200
278528
278528
278528
1327104
1327104
274432
274432
274432
1302528
1302528
253952
253952
253952
1302528
1302528
253952
253952
253952
1298432
1298432
249856
249856
249856
1269760
1269760
221184
221184
221184
1265664
1265664
270336
270336
1318912
1318912
286720
286720
286720
1335296
1335296
274432
274432
274432
1323008
1323008
270336
270336
270336
1314816
1314816
266240
266240
266240
1310720
1310720
262144
262144
262144
1298432
1298432
1298432
1298432
1298432
1327104
1327104
1327104
1327104
1327104
1343488
1343488
311296
311296
311296
1359872
1359872
327680
327680
327680
1376256
323584
323584
323584
1372160
1372160
315392
315392
315392
1355776
1355776
307200
307200
307200
1351680
1351680
303104
303104
303104
1347584
1347584
299008
299008
299008
1216512
1216512
167936
167936
167936
1216512
1216512
286720
286720
286720
1335296
1335296
299008
299008
1347584
1347584
294912
294912
294912
1335296
1335296
286720
286720
286720
1323008
1323008
274432
274432
274432
1314816
1314816
266240
266240
266240
1314816
1314816
1314816
1314816
1314816
1335296
1335296
286720
286720
286720
1220608
1220608
278528
278528
278528
1327104
1327104
253952
253952
1302528
1302528
245760
245760
245760
1294336
1294336
245760
245760
245760
1286144
1286144
237568
237568
237568
1265664
1265664
217088
217088
217088
1257472
1257472
1257472
1257472
1257472
1339392
1339392
303104
303104
303104
1351680
1351680
315392
315392
315392
1363968
1363968
299008
299008
299008
1347584
290816
290816
290816
1327104
1327104
278528
278528
278528
1306624
1306624
258048
258048
258048
1302528
1302528
253952
253952
253952
1302528
1302528
253952
253952
253952
1286144
1286144
303104
303104
303104
1351680
1351680
315392
315392
315392
1363968
1363968
315392
315392
315392
1363968
303104
303104
303104
1347584
1347584
299008
299008
299008
1331200
1331200
282624
282624
282624
1331200
1331200
282624
282624
282624
1294336
1294336
245760
245760
245760
1216512
1216512
294912
294912
294912
1343488
1343488
307200
307200
307200
1355776
1355776
299008
299008
299008
1343488
294912
294912
294912
1339392
1339392
290816
290816
290816
1323008
1323008
274432
274432
274432
1323008
1323008
274432
274432
274432
1236992
1236992
188416
188416
188416
1220608
1220608
294912
294912
294912
1343488
1343488
311296
311296
311296
1359872
1359872
307200
307200
307200
1343488
1343488
294912
294912
1335296
1335296
286720
286720
286720
1331200
1331200
282624
282624
282624
1331200
1331200
282624
282624
282624
1298432
1298432
249856
249856
249856
1220608
1220608
299008
299008
299008
1347584
1347584
315392
315392
315392
1363968
1363968
303104
303104
1347584
1347584
299008
299008
299008
1347584
1347584
299008
299008
299008
1347584
1347584
299008
299008
299008
1339392
1339392
290816
290816
290816
1294336
1294336
245760
245760
245760
1269760
1269760
323584
323584
323584
1372160
335872
335872
335872
1384448
1384448
323584
323584
323584
1368064
1368064
319488
319488
319488
1359872
1359872
311296
311296
311296
1355776
1355776
307200
307200
307200
1347584
1347584
299008
299008
299008
1335296
1335296
286720
286720
286720
1306624
307200
307200
307200
1355776
1355776
323584
323584
323584
1372160
1372160
290816
290816
290816
1335296
1335296
286720
286720
286720
1327104
1327104
278528
278528
278528
1323008
1323008
274432
274432
274432
1314816
1314816
266240
266240
1302528
1302528
253952
253952
253952
1241088
1241088
299008
299008
299008
1347584
1347584
311296
311296
311296
1359872
1359872
299008
299008
299008
1335296
1335296
286720
286720
286720
1323008
1323008
274432
274432
274432
1298432
1298432
249856
249856
1286144
1286144
237568
237568
237568
1241088
1241088
192512
192512
192512
1236992
1236992
303104
303104
303104
1351680
1351680
315392
315392
315392
1363968
1363968
286720
286720
286720
1327104
1327104
278528
278528
278528
1318912
1318912
270336
270336
1314816
1314816
266240
266240
266240
1314816
1314816
266240
266240
266240
1253376
1253376
204800
204800
204800
1236992
1236992
307200
307200
307200
1355776
1355776
319488
319488
319488
1368064
1368064
311296
311296
311296
1359872
1359872
311296
311296
311296
1351680
303104
303104
303104
1347584
1347584
299008
299008
299008
1323008
1323008
274432
274432
274432
1302528
1302528
253952
253952
253952
1232896
1232896
299008
299008
299008
1347584
1347584
290816
290816
290816
1339392
286720
286720
286720
1323008
1323008
274432
274432
274432
1318912
1318912
270336
270336
270336
1314816
1314816
266240
266240
266240
1314816
1314816
266240
266240
266240
1310720
1310720
262144
262144
262144
1302528
1302528
311296
311296
311296
1359872
1359872
307200
307200
1355776
1355776
290816
290816
290816
1306624
1306624
258048
258048
258048
1294336
1294336
245760
245760
245760
1294336
1294336
245760
245760
245760
1269760
1269760
221184
221184
221184
1241088
1241088
192512
192512
192512
1232896
1232896
303104
303104
1351680
1351680
303104
303104
303104
1351680
1351680
294912
294912
294912
1335296
1335296
286720
286720
286720
1306624
1306624
258048
258048
258048
1306624
1306624
258048
258048
258048
1232896
1232896
184320
184320
184320
1232896
1232896
692224
692224
692224
1740800
1740800
1740800
2514944
2514944
2527232
2527232
2527232
2527232
2527232
2527232
2543616
2543616
2543616
2555904
2555904
2555904
2555904
2555904
2555904
2568192
2568192
2568192
2584576
2584576
2584576
2584576
2584576
2596864
2596864
2596864
2613248
2613248
2613248
2613248
2613248
2613248
2629632
2629632
2629632
2641920
2641920
2641920
2641920
2641920
2641920
2658304
2658304
2670592
2670592
2670592
2670592
2670592
2670592
2686976
2686976
2686976
2699264
2699264
2699264
2699264
2699264
2699264
2715648
2715648
2715648
2727936
2727936
2727936
2727936
2727936
2740224
2740224
2740224
2756608
2756608
2756608
2756608
2756608
2756608
2768896
2768896
2768896
2785280
2785280
2785280
2785280
2785280
2785280
2797568
2797568
2797568
2809856
2809856
2809856
2809856
2809856
2826240
2826240
2826240
2838528
2838528
2838528
2846720
2846720
2846720
2854912
2854912
2854912
2867200
2867200
2867200
2879488
2879488
2879488
2879488
2879488
2895872
2895872
2895872
2912256
2912256
2912256
2912256
2912256
2912256
2928640
2928640
2928640
2940928
2940928
2940928
2940928
2940928
2940928
2957312
2957312
2957312
2969600
2969600
2969600
2969600
2969600
2981888
2981888
2981888
2998272
2998272
2998272
2998272
2998272
2998272
3010560
3010560
3010560
3022848
3022848
3022848
3022848
3022848
3022848
3035136
3035136
3051520
3051520
3051520
3051520
3051520
3051520
3063808
3063808
3063808
3076096
3076096
3076096
3076096
3076096
3076096
3092480
3092480
3092480
3104768
3104768
3104768
3104768
3104768
3121152
3121152
3121152
3133440
3133440
3133440
3133440
3133440
3133440
3145728
3145728
3145728
3162112
3162112
3162112
3162112
3162112
3162112
3174400
3174400
3190784
3190784
3190784
3190784
3190784
3190784
3207168
3207168
3207168
3219456
3219456
3219456
3219456
3219456
3219456
3235840
3235840
3235840
3248128
3248128
3248128
3248128
3248128
3248128
3264512
3264512
3276800
3276800
3276800
3293184
3293184
3293184
3293184
3293184
3293184
3305472
3305472
3305472
3317760
3317760
3317760
3317760
3317760
3317760
3334144
3334144
3334144
3346432
3346432
3346432
3346432
3346432
3362816
3362816
3362816
3375104
3375104
3375104
3375104
3375104
3375104
3387392
3387392
3387392
3403776
3403776
3403776
3403776
3403776
3416064
3416064
3416064
3432448
3432448
3432448
3432448
3432448
3432448
3444736
3444736
3444736
3457024
3457024
3457024
3457024
3457024
3457024
3473408
3473408
3473408
3489792
3489792
3489792
3489792
3489792
3506176
3506176
3506176
3518464
3518464
3518464
3518464
3518464
3518464
3534848
3534848
3534848
3596288
3596288
3596288
3596288
3596288
3596288
3768320
3768320
3768320
3792896
3792896
3792896
3792896
3792896
3805184
3805184
3805184
3817472
3817472
3817472
3817472
3817472
3817472
3833856
3833856
3833856
3846144
3846144
3846144
3846144
3846144
3862528
3862528
3862528
3878912
3878912
3878912
3878912
3878912
3878912
3891200
3891200
3891200
3907584
3907584
3907584
3907584
3907584
3907584
3919872
3919872
3919872
3940352
3940352
3952640
3952640
3952640
3952640
3952640
3952640
3964928
3964928
3964928
3981312
3981312
3981312
3981312
3981312
3981312
3993600
3993600
3993600
4005888
4005888
4005888
4005888
4005888
4022272
4022272
4022272
4034560
4034560
4034560
4034560
4034560
4034560
4046848
4046848
4046848
4063232
4063232
4063232
4063232
4063232
4063232
4079616
4079616
4079616
4096000
4096000
4096000
4096000
4096000
4108288
4108288
4108288
4120576
4120576
4120576
4120576
4120576
4120576
4136960
4136960
4136960
4149248
4149248
4149248
4149248
4149248
4149248
4161536
4161536
4177920
4177920
4177920
4177920
4177920
4177920
4358144
4358144
4358144
4374528
4374528
4374528
4374528
4374528
4374528
4390912
4390912
4390912
4403200
4403200
4403200
4403200
4403200
4419584
4419584
4419584
4431872
4431872
4431872
4431872
4431872
4431872
4444160
4444160
4444160
4460544
4460544
4460544
4460544
4460544
4460544
4472832
4472832
4472832
4489216
4489216
4501504
4501504
4501504
4501504
4501504
4501504
4517888
4517888
4517888
4530176
4530176
4530176
4530176
4530176
4530176
4542464
4542464
4542464
4558848
4558848
4558848
4558848
4558848
4558848
4571136
4571136
4583424
4583424
4583424
4583424
4583424
4583424
4599808
4599808
4599808
4612096
4612096
4612096
4612096
4612096
4612096
4628480
4628480
4628480
4640768
4640768
4640768
4640768
4640768
4653056
4653056
4653056
4669440
4669440
4669440
4669440
4669440
4669440
4681728
4681728
4681728
4698112
4698112
4698112
4698112
4698112
4698112
4710400
4710400
4722688
4722688
4722688
4722688
4722688
4722688
4739072
4739072
4739072
4755456
4755456
4755456
4755456
4755456
4755456
4771840
4771840
4771840
4784128
4784128
4784128
4784128
4784128
4784128
4796416
4796416
4812800
4812800
4812800
4812800
4812800
4812800
4825088
4825088
4825088
4837376
4837376
4837376
4837376
4837376
4837376
4861952
4861952
4861952
4874240
4874240
4874240
4890624
4890624
4890624
4890624
4890624
4907008
4907008
4907008
4919296
4919296
4919296
4919296
4919296
4919296
4935680
4935680
4935680
4947968
4947968
4947968
4947968
4947968
4947968
4964352
4964352
4964352
4976640
4976640
4976640
4976640
4976640
5038080
5038080
5038080
5054464
5054464
5054464
5054464
5054464
5054464
5066752
5066752
5066752
5079040
5079040
5079040
5079040
5079040
5079040
5095424
5095424
5107712
5107712
5107712
5107712
5107712
5107712
5124096
5124096
5124096
5136384
5136384
5136384
5136384
5136384
5136384
5148672
5148672
5148672
5165056
5165056
5165056
5165056
5165056
5165056
5177344
5177344
5193728
5193728
5193728
5193728
5193728
5193728
5206016
5206016
5206016
5218304
5218304
5218304
5218304
5218304
5218304
5234688
5234688
5234688
5251072
5251072
5251072
5251072
5251072
5251072
5267456
5267456
5279744
5279744
5279744
5279744
5279744
5279744
5292032
5292032
5292032
5308416
5308416
5308416
5320704
5320704
5320704
5320704
5320704
5320704
5332992
5332992
5332992
5349376
5349376
5349376
5349376
5349376
5361664
5361664
5361664
5378048
5378048
5378048
5378048
5378048
5378048
5390336
5390336
5390336
5402624
5402624
5402624
5402624
5402624
5419008
5419008
5419008
5431296
5431296
5431296
5431296
5431296
5431296
5447680
5447680
5447680
5459968
5459968
5459968
5459968
5459968
5459968
5472256
5472256
5472256
5488640
5488640
5488640
5488640
5488640
5500928
5500928
5500928
5517312
5517312
5517312
5517312
5517312
5517312
5533696
5533696
5533696
5541888
5541888
5541888
5541888
5541888
5541888
5558272
5558272
5558272
5570560
5570560
5570560
5570560
5570560
5586944
5586944
5586944
5599232
5599232
5599232
5599232
5599232
5599232
5611520
5611520
5611520
5627904
5627904
5627904
5627904
5627904
5640192
5640192
5640192
5656576
5656576
5656576
5668864
5668864
5668864
5668864
5668864
5668864
5681152
5681152
5681152
5697536
5697536
5697536
5697536
5697536
5697536
5709824
5709824
5726208
5726208
5726208
5726208
5726208
5726208
5738496
5738496
5738496
5750784
5750784
5750784
5750784
5750784
5750784
5767168
5767168
5767168
5779456
5779456
5779456
5779456
5779456
5791744
5791744
5791744
5808128
5808128
5808128
5808128
5808128
5808128
5824512
5824512
5824512
5840896
5840896
5840896
5840896
5840896
5840896
5853184
5853184
5865472
5865472
5865472
5865472
5865472
5865472
5881856
5881856
5881856
5894144
5894144
5894144
5894144
5894144
5894144
5910528
5910528
5910528
5922816
5922816
5922816
5922816
5922816
5922816
5935104
5935104
5951488
5951488
5951488
5951488
5951488
5951488
5963776
5963776
5963776
5980160
5980160
5980160
5980160
5980160
5980160
5992448
5992448
5992448
6004736
6004736
6004736
6004736
6004736
6021120
6021120
6021120
6033408
6033408
6033408
6049792
6049792
6049792
6049792
6049792
6049792
6115328
6115328
6115328
6131712
6131712
6131712
6131712
6131712
6144000
6144000
6144000
6160384
6160384
6160384
6160384
6160384
6160384
6176768
6176768
6176768
6189056
6189056
6189056
6189056
6189056
6189056
6201344
6201344
6201344
6217728
6217728
6217728
6217728
6217728
6230016
6230016
6230016
6246400
6246400
6246400
6246400
6246400
6246400
6258688
6258688
6258688
6270976
6270976
6270976
6270976
6270976
6270976
6287360
6287360
6287360
6299648
6299648
6299648
6299648
6299648
6316032
6316032
6316032
6328320
6328320
6328320
6328320
6328320
6328320
6340608
6340608
6340608
6356992
6356992
6356992
6356992
6356992
6356992
6369280
6369280
6385664
6385664
6385664
6385664
6385664
6385664
6397952
6397952
6397952
6410240
6410240
6410240
6410240
6410240
6410240
6426624
6426624
6426624
6438912
6438912
6438912
6459392
6459392
6459392
6459392
6459392
6471680
6471680
6471680
6483968
6483968
6483968
6483968
6483968
6483968
6500352
6500352
6500352
6512640
6512640
6512640
6512640
6512640
6512640
6524928
6524928
6524928
6545408
6545408
6545408
6545408
6545408
6557696
6557696
6557696
6574080
6574080
6574080
6574080
6574080
6574080
6586368
6586368
6586368
6598656
6598656
6598656
6598656
6598656
6598656
6615040
6615040
6627328
6627328
6627328
6627328
6627328
6627328
6639616
6639616
6639616
6651904
6651904
6651904
6651904
6651904
6651904
6664192
6664192
6664192
6680576
6680576
6680576
6680576
6680576
6692864
6692864
6692864
6709248
6709248
6709248
6709248
6709248
6709248
6721536
6721536
6721536
6733824
6733824
6733824
6733824
6733824
6733824
6750208
6750208
6762496
6762496
6762496
6762496
6762496
6762496
6774784
6774784
6774784
6791168
6791168
6791168
6803456
6803456
6803456
6803456
6803456
6803456
6819840
6819840
6819840
6836224
6836224
6836224
6836224
6836224
6848512
6848512
6848512
6864896
6864896
6864896
6864896
6864896
6864896
6877184
6877184
6877184
6893568
6893568
6893568
6893568
6893568
6905856
6905856
6905856
6918144
6918144
6918144
6918144
6918144
6918144
6934528
6934528
6934528
6946816
6946816
6946816
6946816
6946816
6946816
6959104
6959104
6959104
6975488
6975488
6975488
6975488
6975488
6987776
6987776
6987776
7004160
7004160
7004160
7004160
7004160
7004160
7016448
7016448
7016448
7028736
7028736
7028736
7028736
7028736
7045120
7045120
7045120
7057408
7057408
7057408
7057408
7057408
7057408
7073792
7073792
7073792
7086080
7086080
7086080
7086080
7086080
7086080
7098368
7098368
7098368
7118848
7118848
7118848
7131136
7131136
7131136
7131136
7131136
7143424
7143424
7143424
7204864
7204864
7204864
7204864
7204864
7204864
7221248
7221248
7221248
7233536
7233536
7233536
7233536
7233536
7245824
7245824
7245824
7262208
7262208
7262208
7262208
7262208
7262208
7274496
7274496
7274496
7290880
7290880
7290880
7290880
7290880
7290880
7303168
7303168
7303168
7315456
7315456
7315456
7315456
7315456
7331840
7331840
7331840
7344128
7344128
7344128
7344128
7344128
7344128
7356416
7356416
7356416
7397376
7397376
7397376
7397376
7397376
7397376
7417856
7417856
7438336
7438336
7438336
7438336
7438336
7438336
7450624
7450624
7450624
7462912
7462912
7462912
7462912
7462912
7462912
7479296
7479296
7479296
7491584
7491584
7491584
7491584
7491584
7507968
7507968
7507968
7520256
7520256
7520256
7532544
7532544
7532544
7532544
7532544
7532544
7548928
7548928
7548928
7561216
7561216
7561216
7561216
7561216
7573504
7573504
7573504
7589888
7589888
7589888
7589888
7589888
7589888
7602176
7602176
7602176
7618560
7618560
7618560
7618560
7618560
7618560
7630848
7630848
7630848
8048640
8048640
8048640
8048640
8048640
8073216
8073216
8073216
8085504
8085504
8085504
8085504
8085504
8085504
8097792
8097792
8097792
8118272
8118272
8118272
8118272
8118272
8118272
8130560
8130560
8130560
8146944
8146944
8146944
8146944
8146944
8159232
8159232
8159232
8167424
8167424
8167424
8167424
8167424
8167424
8183808
8183808
8183808
8196096
8196096
8196096
8196096
8196096
8196096
8212480
8212480
8224768
8224768
8224768
8224768
8224768
8224768
8237056
8237056
8237056
8253440
8253440
8253440
8265728
8265728
8265728
8265728
8265728
8265728
8278016
8278016
8278016
8294400
8294400
8294400
8294400
8294400
8306688
8306688
8306688
8323072
8323072
8323072
8323072
8323072
8323072
8335360
8335360
8335360
8347648
8347648
8347648
8347648
8347648
8347648
8364032
8364032
8376320
8376320
8376320
8376320
8376320
8376320
8388608
8388608
8388608
8409088
8409088
8409088
8409088
8409088
8409088
8421376
8421376
8421376
8437760
8437760
8437760
8437760
8437760
8450048
8450048
8450048
8462336
8462336
8462336
8462336
8462336
8462336
8478720
8478720
8478720
8491008
8491008
8491008
8491008
8491008
8491008
8503296
8503296
8503296
8519680
8519680
8519680
8519680
8519680
8531968
8531968
8531968
8548352
8548352
8548352
8548352
8548352
8548352
8560640
8560640
8560640
8572928
8572928
8572928
8589312
8589312
8589312
8589312
8589312
8601600
8601600
8601600
8613888
8613888
8613888
8613888
8613888
8613888
8630272
8630272
8630272
8642560
8642560
8642560
8642560
8642560
8642560
8658944
8658944
8658944
8671232
8671232
8671232
8671232
8671232
8687616
8687616
8687616
8749056
8749056
8749056
8749056
8749056
8749056
8761344
8761344
8761344
8777728
8777728
8777728
8777728
8777728
8790016
8790016
8790016
8806400
8806400
8806400
8806400
8806400
8806400
8818688
8818688
8818688
8830976
8830976
8830976
8830976
8830976
8830976
8847360
8847360
8847360
8859648
8859648
8859648
8859648
8859648
8871936
8871936
8871936
8888320
8888320
8888320
8888320
8888320
8888320
8900608
8900608
8900608
8916992
8916992
8916992
8916992
8916992
8916992
8929280
8929280
8941568
8941568
8941568
8941568
8941568
8941568
8957952
8957952
8957952
8970240
8970240
8970240
8970240
8970240
8970240
8982528
8982528
8982528
8998912
8998912
8998912
9011200
9011200
9011200
9011200
9011200
9031680
9031680
9031680
9043968
9043968
9043968
9043968
9043968
9043968
9056256
9056256
9056256
9072640
9072640
9072640
9072640
9072640
9072640
9084928
9084928
9084928
9097216
9097216
9097216
9097216
9097216
9113600
9113600
9113600
9125888
9125888
9125888
9125888
9125888
9125888
9142272
9142272
9142272
9154560
9154560
9154560
9154560
9154560
9154560
9166848
9166848
9183232
9183232
9183232
9183232
9183232
9183232
9195520
9195520
9195520
9207808
9207808
9207808
9207808
9207808
9207808
9224192
9224192
9224192
9236480
9236480
9236480
9236480
9236480
9248768
9248768
9248768
9261056
9261056
9261056
9261056
9261056
9261056
9273344
9273344
9273344
9289728
9289728
9289728
9289728
9289728
9289728
9306112
9306112
9306112
9322496
9322496
9322496
9322496
9322496
9334784
9334784
9334784
9347072
9347072
9347072
9347072
9347072
9347072
9363456
9363456
9363456
9375744
9375744
9375744
9388032
9388032
9388032
9388032
9388032
9404416
9404416
9404416
9416704
9416704
9416704
9416704
9416704
9416704
9433088
9433088
9433088
9445376
9445376
9445376
9445376
9445376
9445376
9457664
9457664
9457664
9474048
9474048
9474048
9474048
9474048
9486336
9486336
9486336
9498624
9498624
9498624
9498624
9498624
9498624
9515008
9515008
9515008
9527296
9527296
9527296
9527296
9527296
9527296
9543680
9543680
9555968
9555968
9555968
9555968
9555968
9555968
9568256
9568256
9568256
9584640
9584640
9584640
9584640
9584640
9584640
9601024
9601024
9601024
9613312
9613312
9613312
9613312
9613312
9629696
9629696
9629696
9641984
9641984
9641984
9641984
9641984
9641984
9658368
9658368
9658368
9670656
9670656
9670656
9670656
9670656
9670656
9682944
9682944
9682944
9699328
9699328
9699328
9699328
9699328
9711616
9711616
9711616
9723904
9723904
9723904
9723904
9723904
9723904
9740288
9740288
9740288
9752576
9752576
9752576
9768960
9768960
9768960
9768960
9768960
9830400
9830400
9830400
9842688
9842688
9842688
9842688
9842688
9842688
9859072
9859072
9859072
9871360
9871360
9871360
9871360
9871360
9871360
9883648
9883648
9883648
9900032
9900032
9900032
9900032
9900032
9912320
9912320
9912320
9928704
9928704
9928704
9928704
9928704
9928704
9945088
9945088
9945088
9957376
9957376
9957376
9957376
9957376
9957376
9973760
9973760
9986048
9986048
9986048
9986048
9986048
9986048
9998336
9998336
9998336
10014720
10014720
8966144
8966144
8966144
9838592
9838592
9838592
9850880
9850880
9850880
9850880
9850880
9850880
9867264
9867264
9879552
9879552
9879552
9879552
9879552
9879552
9895936
9895936
9895936
9908224
9908224
9908224
9908224
9908224
9908224
9920512
9920512
9920512
9936896
9936896
9936896
9936896
9936896
9949184
9949184
9949184
9961472
9961472
9961472
9961472
9961472
9961472
9977856
9977856
9977856
undefined
