229376
217088
217088
217088
217088
155648
155648
155648
155648
176128
143360
143360
143360
159744
159744
159744
159744
159744
180224
180224
180224
180224
172032
172032
172032
172032
172032
143360
143360
143360
143360
143360
143360
143360
143360
139264
139264
139264
139264
139264
139264
139264
139264
139264
139264
139264
139264
139264
180224
135168
135168
135168
180224
180224
180224
180224
180224
196608
196608
196608
196608
180224
180224
180224
180224
172032
172032
172032
172032
172032
143360
143360
143360
143360
143360
143360
143360
143360
139264
139264
139264
139264
139264
126976
126976
126976
126976
176128
118784
118784
118784
163840
163840
163840
163840
163840
184320
184320
184320
184320
163840
163840
163840
163840
163840
163840
163840
163840
163840
163840
163840
163840
163840
155648
155648
155648
155648
155648
155648
155648
155648
180224
155648
155648
155648
155648
180224
151552
151552
151552
176128
176128
176128
176128
155648
155648
155648
155648
143360
143360
143360
143360
143360
139264
139264
139264
139264
135168
135168
135168
135168
135168
135168
135168
135168
163840
126976
126976
126976
172032
172032
172032
172032
172032
188416
188416
188416
188416
159744
159744
159744
159744
147456
147456
147456
147456
147456
143360
143360
143360
143360
143360
143360
143360
143360
139264
139264
139264
139264
180224
131072
131072
131072
176128
176128
176128
176128
176128
172032
172032
172032
172032
155648
155648
155648
155648
147456
147456
147456
147456
147456
147456
147456
147456
147456
147456
147456
147456
147456
131072
131072
131072
131072
180224
131072
131072
131072
131072
167936
167936
167936
167936
167936
167936
167936
167936
163840
163840
163840
163840
163840
163840
163840
163840
163840
159744
159744
159744
159744
143360
143360
143360
143360
122880
122880
122880
122880
172032
172032
172032
172032
147456
147456
147456
147456
147456
139264
139264
139264
139264
135168
135168
135168
135168
135168
135168
135168
135168
131072
131072
131072
131072
131072
131072
131072
131072
131072
118784
118784
118784
118784
167936
167936
167936
167936
188416
188416
188416
188416
188416
188416
188416
188416
188416
176128
176128
176128
176128
176128
176128
176128
176128
176128
176128
176128
176128
176128
167936
167936
167936
167936
192512
151552
151552
151552
172032
172032
172032
172032
172032
172032
172032
172032
172032
172032
172032
172032
172032
155648
155648
155648
155648
147456
147456
147456
147456
143360
143360
143360
143360
143360
135168
135168
135168
135168
176128
135168
135168
135168
172032
172032
172032
172032
159744
159744
159744
159744
159744
159744
159744
159744
159744
155648
155648
155648
155648
151552
151552
151552
151552
147456
147456
147456
147456
147456
139264
139264
139264
139264
180224
135168
135168
135168
176128
176128
176128
176128
167936
167936
167936
167936
167936
167936
167936
167936
167936
163840
163840
163840
163840
159744
159744
159744
159744
155648
155648
155648
155648
176128
155648
155648
155648
155648
176128
176128
176128
176128
196608
196608
196608
184320
184320
184320
163840
163840
163840
163840
184320
184320
184320
167936
167936
184320
184320
159744
159744
159744
176128
176128
176128
176128
172032
172032
172032
172032
167936
167936
167936
167936
159744
159744
159744
159744
155648
155648
155648
155648
176128
118784
118784
118784
163840
163840
163840
163840
180224
180224
180224
180224
180224
172032
172032
172032
172032
172032
172032
172032
172032
147456
147456
147456
147456
147456
147456
147456
147456
147456
143360
143360
143360
143360
167936
131072
131072
131072
176128
176128
176128
176128
176128
192512
192512
192512
192512
163840
163840
163840
163840
155648
155648
155648
155648
155648
155648
155648
155648
155648
147456
147456
147456
147456
147456
147456
147456
147456
147456
135168
135168
135168
135168
180224
126976
126976
126976
172032
172032
172032
172032
172032
188416
188416
188416
188416
172032
172032
172032
172032
163840
163840
163840
163840
163840
151552
151552
151552
151552
147456
147456
147456
147456
139264
139264
139264
139264
139264
126976
126976
126976
126976
176128
122880
122880
126976
126976
126976
126976
126976
126976
126976
126976
126976
126976
126976
126976
122880
122880
122880
122880
172032
122880
122880
122880
122880
172032
172032
172032
172032
167936
167936
167936
167936
163840
163840
163840
163840
163840
163840
163840
163840
163840
163840
163840
163840
163840
163840
163840
163840
163840
151552
159744
159744
159744
159744
135168
135168
135168
135168
180224
180224
180224
180224
196608
196608
196608
196608
196608
176128
176128
176128
176128
172032
172032
172032
172032
167936
167936
167936
167936
167936
167936
167936
167936
167936
151552
151552
151552
151552
212992
131072
131072
131072
167936
122880
122880
122880
122880
180224
180224
180224
180224
200704
200704
200704
200704
196608
172032
172032
172032
172032
172032
172032
172032
172032
172032
172032
172032
172032
163840
163840
163840
163840
163840
155648
155648
155648
155648
126976
126976
126976
126976
188416
126976
126976
126976
126976
184320
184320
184320
184320
184320
184320
184320
184320
176128
176128
176128
176128
176128
172032
172032
172032
172032
172032
172032
172032
172032
172032
172032
172032
172032
167936
167936
167936
167936
167936
143360
143360
143360
143360
163840
163840
163840
163840
180224
180224
180224
180224
180224
172032
172032
172032
172032
155648
155648
155648
155648
151552
151552
151552
151552
151552
151552
151552
151552
151552
147456
147456
147456
147456
139264
139264
139264
139264
184320
135168
135168
135168
135168
188416
188416
188416
188416
204800
204800
204800
204800
180224
180224
180224
180224
180224
176128
176128
176128
176128
167936
167936
167936
167936
167936
167936
167936
167936
167936
151552
151552
151552
151552
139264
139264
139264
139264
184320
131072
131072
131072
192512
192512
192512
192512
192512
208896
208896
208896
208896
196608
196608
196608
196608
196608
196608
196608
196608
196608
180224
180224
180224
180224
180224
180224
180224
180224
176128
176128
176128
176128
176128
159744
159744
159744
159744
192512
135168
135168
135168
184320
184320
184320
184320
184320
184320
184320
184320
184320
176128
176128
176128
176128
172032
172032
172032
172032
163840
163840
163840
163840
163840
163840
163840
163840
163840
192512
192512
192512
192512
208896
163840
163840
163840
163840
204800
204800
204800
204800
221184
221184
221184
221184
212992
212992
212992
212992
212992
196608
196608
196608
196608
184320
184320
184320
184320
167936
167936
167936
167936
167936
159744
159744
159744
159744
122880
122880
122880
122880
188416
118784
118784
118784
184320
184320
184320
184320
184320
200704
200704
200704
200704
167936
167936
167936
167936
167936
167936
167936
167936
167936
167936
167936
167936
167936
159744
159744
159744
159744
143360
143360
143360
143360
143360
139264
139264
139264
139264
184320
184320
184320
184320
200704
200704
200704
200704
172032
188416
188416
188416
188416
188416
188416
188416
188416
167936
167936
167936
167936
159744
159744
159744
159744
159744
159744
159744
159744
159744
159744
159744
159744
159744
188416
139264
139264
139264
139264
192512
192512
192512
192512
208896
208896
208896
208896
200704
200704
200704
200704
200704
200704
200704
200704
200704
151552
151552
151552
151552
147456
147456
147456
147456
143360
143360
143360
143360
143360
139264
139264
139264
139264
192512
126976
126976
126976
180224
180224
180224
180224
180224
196608
196608
196608
196608
180224
180224
180224
180224
180224
180224
180224
180224
180224
176128
176128
176128
176128
172032
172032
172032
172032
172032
172032
172032
172032
172032
151552
151552
151552
151552
192512
139264
139264
139264
184320
184320
184320
184320
196608
196608
196608
196608
196608
188416
188416
188416
188416
180224
180224
180224
180224
180224
172032
172032
172032
172032
172032
172032
172032
172032
163840
163840
163840
163840
184320
131072
131072
131072
131072
122880
122880
122880
122880
184320
184320
184320
184320
200704
200704
200704
200704
200704
172032
172032
172032
172032
167936
167936
167936
167936
167936
167936
167936
167936
167936
167936
167936
167936
167936
159744
159744
159744
159744
188416
131072
131072
131072
188416
122880
122880
122880
122880
188416
188416
188416
188416
180224
180224
180224
180224
180224
180224
180224
180224
180224
180224
180224
180224
180224
172032
172032
172032
172032
167936
167936
167936
167936
167936
159744
159744
159744
159744
143360
143360
143360
143360
188416
131072
131072
131072
188416
188416
188416
188416
188416
180224
180224
180224
180224
176128
176128
176128
176128
176128
176128
176128
176128
176128
172032
172032
172032
172032
159744
159744
159744
159744
159744
159744
159744
159744
159744
139264
139264
139264
139264
200704
139264
139264
139264
196608
196608
196608
196608
196608
184320
184320
184320
184320
184320
184320
184320
184320
172032
172032
172032
172032
172032
172032
172032
172032
172032
167936
167936
167936
167936
159744
159744
159744
159744
159744
155648
155648
155648
155648
196608
139264
139264
139264
184320
184320
184320
184320
180224
180224
180224
180224
180224
180224
180224
180224
180224
172032
172032
172032
172032
163840
163840
163840
163840
163840
163840
163840
163840
163840
163840
163840
163840
163840
266240
159744
159744
159744
184320
184320
184320
184320
184320
200704
200704
200704
200704
167936
167936
167936
167936
167936
167936
167936
167936
167936
163840
163840
163840
163840
163840
163840
163840
163840
163840
163840
163840
163840
163840
143360
143360
143360
143360
188416
122880
122880
122880
192512
192512
192512
192512
192512
208896
208896
208896
208896
208896
208896
208896
208896
204800
204800
204800
204800
204800
200704
200704
200704
200704
200704
200704
200704
200704
196608
196608
196608
196608
196608
172032
172032
172032
172032
212992
155648
155648
155648
196608
196608
196608
196608
196608
212992
212992
212992
212992
208896
208896
208896
208896
196608
196608
196608
196608
196608
163840
163840
163840
163840
163840
163840
163840
163840
163840
163840
163840
163840
163840
135168
135168
135168
135168
122880
122880
122880
122880
188416
188416
188416
188416
204800
204800
204800
204800
204800
188416
188416
188416
188416
188416
188416
188416
188416
184320
184320
184320
184320
184320
176128
176128
176128
176128
159744
159744
159744
159744
147456
147456
147456
147456
204800
126976
126976
126976
126976
192512
192512
192512
192512
192512
192512
192512
192512
192512
192512
192512
192512
192512
180224
180224
180224
180224
176128
176128
176128
176128
176128
176128
176128
176128
176128
176128
176128
176128
176128
176128
176128
176128
176128
208896
208896
208896
208896
208896
225280
225280
225280
225280
212992
212992
212992
212992
196608
196608
196608
196608
196608
192512
192512
192512
192512
188416
188416
188416
188416
184320
184320
184320
184320
184320
176128
176128
176128
176128
147456
147456
147456
147456
200704
200704
200704
200704
217088
217088
217088
217088
217088
217088
217088
217088
217088
192512
192512
192512
192512
192512
192512
192512
192512
192512
192512
192512
192512
192512
184320
184320
184320
184320
167936
167936
167936
167936
176128
163840
163840
163840
163840
204800
204800
204800
204800
221184
221184
221184
221184
221184
204800
204800
204800
204800
167936
167936
167936
167936
167936
167936
167936
167936
167936
167936
167936
167936
167936
167936
167936
167936
167936
143360
143360
143360
143360
192512
131072
131072
131072
131072
204800
204800
204800
204800
217088
217088
217088
217088
192512
192512
192512
192512
192512
192512
192512
192512
192512
188416
188416
188416
188416
184320
184320
184320
184320
184320
184320
184320
184320
184320
172032
172032
172032
172032
212992
151552
151552
151552
204800
204800
204800
204800
204800
192512
192512
192512
192512
184320
184320
184320
184320
184320
184320
184320
184320
184320
184320
184320
184320
184320
180224
180224
180224
180224
180224
180224
180224
180224
180224
180224
180224
180224
180224
212992
212992
212992
212992
225280
225280
225280
225280
225280
217088
217088
217088
217088
204800
204800
204800
204800
180224
180224
180224
180224
180224
172032
172032
172032
172032
172032
172032
172032
172032
122880
122880
122880
122880
122880
122880
122880
122880
122880
204800
204800
204800
204800
225280
225280
225280
225280
225280
200704
200704
200704
200704
188416
188416
188416
188416
184320
184320
184320
184320
184320
184320
184320
184320
184320
180224
180224
180224
180224
208896
208896
208896
208896
208896
176128
176128
176128
176128
225280
225280
225280
225280
221184
221184
221184
221184
221184
204800
204800
204800
204800
204800
204800
204800
204800
204800
204800
204800
204800
200704
200704
200704
200704
200704
184320
184320
184320
184320
167936
167936
167936
167936
208896
163840
163840
163840
163840
200704
200704
200704
200704
180224
180224
180224
180224
180224
180224
180224
180224
180224
172032
172032
172032
172032
167936
167936
167936
167936
151552
151552
151552
151552
139264
139264
139264
139264
139264
139264
139264
139264
139264
204800
204800
204800
204800
217088
217088
217088
217088
217088
200704
200704
200704
200704
184320
184320
184320
184320
180224
180224
180224
180224
180224
176128
176128
176128
176128
176128
176128
176128
176128
139264
139264
139264
139264
139264
139264
139264
139264
139264
212992
212992
212992
212992
225280
225280
225280
225280
225280
217088
217088
217088
217088
212992
212992
212992
212992
196608
196608
196608
196608
196608
180224
180224
180224
180224
176128
176128
176128
176128
139264
139264
139264
139264
212992
122880
122880
122880
122880
204800
204800
204800
204800
221184
221184
221184
221184
221184
221184
221184
221184
221184
217088
217088
217088
217088
212992
212992
212992
212992
212992
212992
212992
212992
212992
208896
208896
208896
208896
135168
135168
135168
135168
221184
122880
122880
122880
200704
200704
200704
200704
200704
217088
217088
217088
217088
204800
204800
204800
204800
204800
204800
204800
204800
204800
204800
204800
204800
204800
196608
196608
196608
196608
188416
188416
188416
188416
188416
172032
172032
172032
172032
212992
212992
212992
212992
229376
229376
229376
229376
221184
221184
221184
221184
221184
208896
208896
208896
208896
188416
188416
188416
188416
184320
184320
184320
184320
184320
176128
176128
176128
176128
147456
147456
147456
147456
217088
131072
131072
131072
217088
217088
217088
217088
217088
229376
229376
229376
229376
225280
225280
225280
225280
217088
217088
217088
217088
217088
217088
217088
217088
217088
204800
204800
204800
204800
204800
204800
204800
204800
217088
200704
200704
200704
200704
217088
184320
184320
184320
233472
233472
233472
233472
233472
233472
233472
233472
233472
212992
212992
212992
212992
212992
212992
212992
212992
192512
192512
192512
192512
192512
184320
184320
184320
184320
176128
176128
176128
176128
212992
122880
122880
122880
204800
204800
204800
204800
204800
221184
221184
221184
221184
217088
217088
217088
217088
212992
212992
212992
212992
208896
208896
208896
208896
208896
188416
188416
188416
188416
188416
188416
188416
188416
208896
184320
184320
184320
184320
212992
180224
180224
180224
212992
212992
212992
212992
212992
212992
212992
212992
212992
208896
208896
208896
208896
208896
208896
208896
208896
208896
208896
208896
208896
208896
208896
208896
208896
208896
167936
167936
167936
167936
196608
159744
159744
159744
212992
212992
212992
212992
212992
225280
225280
225280
225280
188416
188416
188416
188416
188416
163840
163840
163840
163840
159744
159744
159744
159744
155648
155648
155648
155648
155648
155648
155648
155648
155648
122880
122880
122880
122880
204800
122880
122880
122880
200704
200704
200704
200704
200704
217088
217088
217088
217088
208896
208896
208896
208896
208896
208896
208896
208896
208896
204800
204800
204800
204800
204800
204800
204800
204800
196608
196608
196608
196608
196608
212992
212992
212992
212992
229376
135168
135168
135168
212992
212992
212992
212992
212992
229376
229376
229376
229376
221184
221184
221184
221184
221184
221184
221184
221184
221184
212992
212992
212992
212992
204800
204800
204800
204800
200704
200704
200704
200704
200704
180224
180224
180224
180224
229376
118784
118784
118784
204800
204800
204800
204800
200704
200704
200704
200704
200704
200704
200704
200704
200704
196608
196608
196608
196608
188416
188416
188416
188416
188416
184320
184320
184320
184320
180224
180224
180224
180224
212992
180224
180224
180224
180224
221184
118784
118784
118784
204800
204800
204800
204800
200704
200704
200704
200704
200704
200704
200704
200704
200704
188416
188416
188416
188416
184320
184320
184320
184320
184320
184320
184320
184320
184320
184320
184320
184320
184320
212992
176128
176128
176128
217088
217088
217088
217088
217088
229376
229376
229376
229376
221184
221184
221184
221184
217088
217088
217088
217088
217088
217088
217088
217088
217088
208896
208896
208896
208896
208896
208896
208896
208896
208896
176128
176128
176128
176128
225280
176128
176128
176128
221184
221184
221184
221184
221184
237568
237568
237568
237568
217088
217088
217088
217088
208896
208896
208896
208896
208896
176128
176128
176128
176128
159744
159744
159744
159744
147456
147456
147456
147456
188416
200704
200704
200704
200704
413696
131072
131072
131072
765952
765952
765952
765952
786432
786432
786432
786432
786432
634880
634880
634880
634880
528384
528384
528384
528384
188416
188416
188416
188416
188416
188416
188416
188416
188416
184320
184320
184320
184320
217088
143360
143360
143360
143360
126976
126976
126976
126976
208896
208896
208896
208896
204800
204800
204800
204800
204800
204800
204800
204800
204800
204800
204800
204800
204800
200704
200704
200704
200704
188416
188416
188416
188416
188416
188416
188416
188416
188416
122880
122880
122880
122880
212992
118784
118784
118784
118784
212992
212992
212992
212992
208896
208896
208896
208896
208896
208896
208896
208896
208896
208896
208896
208896
208896
200704
200704
200704
200704
200704
200704
200704
200704
200704
200704
200704
200704
200704
196608
196608
196608
196608
233472
233472
233472
233472
249856
249856
249856
249856
249856
241664
241664
241664
241664
221184
221184
221184
221184
221184
212992
212992
212992
212992
204800
204800
204800
204800
192512
192512
192512
192512
143360
143360
143360
143360
143360
212992
212992
212992
212992
229376
229376
229376
229376
241664
241664
241664
241664
241664
237568
237568
237568
237568
229376
229376
229376
229376
229376
229376
229376
229376
229376
217088
217088
217088
217088
208896
208896
208896
208896
118784
118784
118784
118784
208896
208896
208896
208896
208896
225280
225280
225280
225280
237568
237568
237568
237568
229376
229376
229376
229376
229376
212992
212992
212992
212992
212992
212992
212992
212992
208896
208896
208896
208896
208896
208896
208896
208896
208896
122880
122880
122880
122880
217088
122880
122880
122880
122880
212992
212992
212992
212992
225280
225280
225280
225280
221184
221184
221184
221184
221184
221184
221184
221184
221184
208896
208896
208896
208896
208896
208896
208896
208896
208896
188416
188416
188416
188416
180224
180224
180224
180224
229376
147456
147456
147456
147456
217088
217088
217088
217088
229376
229376
229376
229376
212992
212992
212992
212992
212992
196608
196608
196608
196608
196608
196608
196608
196608
192512
192512
192512
192512
192512
188416
188416
188416
188416
126976
126976
126976
126976
217088
118784
118784
118784
208896
208896
208896
208896
208896
229376
229376
229376
229376
208896
208896
208896
208896
204800
204800
204800
204800
204800
204800
204800
204800
204800
200704
200704
200704
200704
196608
196608
196608
196608
196608
131072
131072
131072
131072
221184
118784
118784
118784
208896
208896
208896
208896
208896
225280
225280
225280
225280
225280
225280
225280
225280
225280
225280
225280
225280
225280
225280
225280
225280
225280
225280
225280
225280
225280
221184
221184
221184
221184
221184
176128
176128
176128
176128
225280
176128
176128
176128
221184
221184
221184
221184
221184
237568
237568
237568
237568
233472
233472
233472
233472
217088
217088
217088
217088
217088
217088
217088
217088
217088
217088
217088
217088
217088
217088
217088
217088
217088
217088
196608
196608
196608
196608
233472
163840
163840
163840
299008
299008
299008
299008
299008
348160
348160
348160
348160
241664
241664
241664
241664
241664
233472
233472
233472
233472
233472
233472
233472
233472
217088
217088
217088
217088
217088
217088
217088
217088
217088
208896
208896
208896
208896
241664
184320
184320
184320
184320
122880
122880
122880
122880
233472
233472
233472
233472
249856
249856
249856
249856
249856
241664
241664
241664
241664
233472
233472
233472
233472
229376
229376
229376
229376
229376
217088
217088
217088
217088
208896
208896
208896
208896
237568
184320
184320
184320
237568
118784
118784
118784
118784
225280
225280
225280
225280
237568
237568
237568
237568
237568
221184
221184
221184
221184
192512
192512
192512
192512
184320
184320
184320
184320
184320
184320
184320
184320
184320
180224
180224
180224
180224
122880
122880
122880
122880
229376
122880
122880
122880
122880
225280
225280
225280
225280
225280
225280
225280
225280
221184
221184
221184
221184
221184
208896
208896
208896
208896
192512
192512
192512
192512
188416
188416
188416
188416
188416
188416
188416
188416
188416
184320
184320
184320
184320
237568
176128
176128
176128
176128
233472
233472
233472
233472
225280
225280
225280
225280
225280
225280
225280
225280
225280
221184
221184
221184
221184
176128
176128
176128
176128
167936
167936
167936
167936
167936
163840
163840
163840
163840
122880
122880
122880
122880
225280
122880
122880
122880
229376
229376
229376
229376
229376
212992
212992
212992
212992
212992
212992
212992
212992
208896
208896
208896
208896
208896
208896
208896
208896
208896
208896
208896
208896
208896
208896
208896
208896
208896
208896
196608
196608
196608
196608
245760
245760
245760
245760
262144
262144
262144
262144
262144
249856
249856
249856
249856
229376
229376
229376
229376
229376
204800
204800
204800
204800
196608
196608
196608
196608
188416
188416
188416
188416
229376
184320
184320
184320
184320
147456
147456
147456
147456
229376
229376
229376
229376
245760
245760
245760
245760
245760
241664
241664
241664
241664
229376
229376
229376
229376
221184
221184
221184
221184
221184
208896
208896
208896
208896
204800
204800
204800
204800
196608
196608
196608
196608
196608
176128
176128
176128
176128
245760
245760
245760
245760
258048
258048
258048
258048
258048
258048
258048
258048
258048
233472
233472
233472
233472
229376
229376
229376
229376
229376
217088
217088
217088
217088
204800
204800
204800
204800
200704
200704
200704
200704
200704
143360
143360
143360
143360
225280
126976
126976
126976
225280
225280
225280
225280
241664
241664
241664
241664
241664
237568
237568
237568
237568
204800
204800
204800
204800
200704
200704
200704
200704
200704
188416
188416
188416
188416
180224
180224
180224
180224
241664
122880
122880
122880
122880
258048
122880
122880
122880
233472
233472
233472
233472
208896
208896
208896
208896
208896
204800
204800
204800
204800
204800
204800
204800
204800
204800
204800
204800
204800
204800
204800
204800
204800
204800
192512
192512
192512
192512
237568
122880
122880
122880
122880
237568
237568
237568
237568
372736
372736
372736
372736
290816
290816
290816
290816
290816
266240
266240
266240
266240
258048
258048
258048
258048
258048
258048
258048
258048
258048
249856
249856
249856
249856
139264
139264
139264
139264
245760
118784
118784
118784
237568
237568
237568
237568
237568
249856
249856
249856
249856
233472
233472
233472
233472
233472
233472
233472
233472
233472
217088
217088
217088
217088
192512
192512
192512
192512
192512
192512
192512
192512
192512
192512
192512
192512
192512
253952
253952
253952
253952
253952
270336
270336
270336
270336
282624
282624
282624
282624
270336
270336
270336
270336
270336
258048
258048
258048
258048
258048
258048
258048
258048
245760
245760
245760
245760
245760
233472
233472
233472
233472
229376
229376
229376
229376
258048
204800
204800
204800
204800
266240
266240
266240
266240
294912
294912
294912
294912
290816
290816
290816
290816
290816
262144
262144
262144
262144
249856
249856
249856
249856
249856
249856
249856
249856
249856
249856
249856
249856
249856
212992
212992
212992
212992
249856
196608
196608
196608
196608
253952
253952
253952
253952
266240
266240
266240
266240
266240
266240
266240
266240
266240
249856
249856
249856
249856
237568
237568
237568
237568
237568
237568
237568
237568
237568
225280
225280
225280
225280
221184
221184
221184
221184
258048
212992
212992
212992
212992
212992
212992
212992
212992
258048
258048
258048
258048
258048
258048
258048
258048
258048
229376
229376
229376
229376
221184
221184
221184
221184
217088
217088
217088
217088
217088
217088
217088
217088
217088
212992
212992
212992
212992
249856
249856
249856
249856
249856
548864
155648
155648
155648
282624
282624
282624
282624
299008
299008
299008
299008
299008
294912
294912
294912
294912
274432
274432
274432
274432
266240
266240
266240
266240
266240
266240
266240
266240
266240
249856
249856
249856
249856
262144
233472
233472
233472
233472
204800
204800
204800
204800
253952
253952
253952
253952
270336
270336
270336
270336
270336
266240
266240
266240
266240
253952
253952
253952
253952
245760
245760
245760
245760
245760
225280
225280
225280
225280
188416
188416
188416
188416
294912
151552
151552
151552
151552
299008
299008
299008
299008
315392
315392
315392
315392
327680
327680
327680
327680
327680
294912
294912
294912
294912
278528
278528
278528
278528
270336
270336
270336
270336
270336
225280
225280
225280
225280
221184
221184
221184
221184
200704
200704
200704
200704
200704
196608
196608
196608
196608
258048
258048
258048
258048
294912
294912
294912
294912
294912
253952
253952
253952
253952
241664
241664
241664
241664
241664
241664
241664
241664
241664
212992
212992
212992
212992
184320
184320
184320
184320
139264
139264
139264
139264
139264
131072
131072
131072
131072
249856
249856
249856
249856
266240
266240
266240
266240
258048
262144
262144
262144
262144
262144
262144
262144
262144
253952
253952
253952
253952
245760
245760
245760
245760
245760
225280
225280
225280
225280
225280
225280
225280
225280
253952
212992
212992
212992
212992
253952
253952
253952
253952
270336
270336
270336
270336
249856
249856
249856
249856
249856
249856
249856
249856
249856
249856
249856
249856
249856
249856
249856
249856
249856
249856
245760
245760
245760
245760
233472
233472
233472
233472
266240
212992
212992
212992
212992
266240
204800
204800
204800
663552
663552
663552
663552
548864
548864
548864
548864
548864
462848
462848
462848
462848
331776
331776
331776
331776
294912
294912
294912
294912
294912
274432
274432
274432
274432
270336
270336
270336
270336
286720
266240
266240
266240
266240
258048
258048
258048
258048
270336
270336
270336
270336
286720
286720
286720
286720
282624
282624
282624
282624
282624
274432
274432
274432
274432
258048
258048
258048
258048
245760
245760
245760
245760
245760
245760
245760
245760
245760
143360
143360
143360
143360
258048
143360
143360
143360
143360
253952
253952
253952
253952
237568
237568
237568
237568
237568
237568
237568
237568
237568
225280
225280
225280
225280
217088
217088
217088
217088
200704
200704
200704
200704
200704
196608
196608
196608
196608
135168
135168
135168
135168
245760
245760
245760
245760
245760
262144
262144
262144
262144
262144
262144
262144
262144
253952
253952
253952
253952
253952
237568
237568
237568
237568
237568
237568
237568
237568
237568
237568
237568
237568
237568
217088
217088
217088
217088
163840
163840
163840
163840
270336
131072
131072
131072
131072
245760
245760
245760
245760
241664
241664
241664
241664
241664
241664
241664
241664
241664
241664
241664
241664
241664
241664
241664
241664
241664
237568
237568
237568
237568
237568
237568
237568
237568
237568
221184
221184
221184
221184
286720
139264
139264
139264
139264
249856
249856
249856
249856
262144
262144
262144
262144
249856
249856
249856
249856
249856
249856
249856
249856
249856
245760
245760
245760
245760
241664
241664
241664
241664
241664
241664
241664
241664
241664
204800
204800
204800
204800
266240
188416
188416
188416
245760
245760
245760
245760
245760
266240
266240
266240
266240
253952
253952
253952
253952
253952
245760
245760
245760
245760
217088
217088
217088
217088
212992
212992
212992
212992
204800
204800
204800
204800
204800
204800
204800
204800
204800
253952
196608
196608
196608
253952
253952
253952
253952
253952
270336
270336
270336
270336
258048
258048
258048
258048
245760
245760
245760
245760
245760
217088
217088
217088
217088
217088
217088
217088
217088
217088
217088
217088
217088
217088
253952
253952
253952
253952
266240
208896
208896
208896
274432
274432
274432
274432
274432
286720
286720
286720
286720
274432
274432
274432
274432
274432
258048
258048
258048
258048
258048
258048
258048
258048
253952
253952
253952
253952
253952
249856
249856
249856
249856
229376
229376
229376
229376
253952
196608
196608
196608
196608
258048
258048
258048
258048
270336
270336
270336
270336
262144
262144
262144
262144
262144
258048
258048
258048
258048
258048
258048
258048
258048
245760
245760
245760
245760
245760
245760
245760
245760
245760
245760
245760
245760
245760
262144
221184
221184
221184
221184
262144
262144
262144
262144
278528
278528
278528
278528
270336
270336
270336
270336
270336
266240
266240
266240
266240
258048
258048
258048
258048
253952
253952
253952
253952
253952
249856
249856
249856
249856
237568
237568
237568
237568
266240
225280
225280
225280
225280
258048
200704
200704
200704
249856
249856
249856
249856
241664
241664
241664
241664
241664
221184
221184
221184
221184
212992
212992
212992
212992
212992
212992
212992
212992
212992
212992
212992
212992
212992
196608
196608
196608
196608
245760
131072
131072
131072
241664
131072
131072
131072
131072
241664
241664
241664
241664
237568
237568
237568
237568
237568
237568
237568
237568
237568
225280
225280
225280
225280
217088
217088
217088
217088
217088
204800
204800
204800
204800
200704
200704
200704
200704
241664
196608
196608
196608
262144
135168
135168
135168
135168
245760
245760
245760
245760
237568
237568
237568
237568
221184
221184
221184
221184
221184
208896
208896
208896
208896
208896
208896
208896
208896
204800
204800
204800
204800
204800
200704
200704
200704
200704
139264
139264
139264
139264
245760
131072
131072
131072
131072
245760
245760
245760
245760
237568
237568
237568
237568
217088
217088
217088
217088
217088
208896
208896
208896
208896
200704
200704
200704
200704
200704
200704
200704
200704
200704
200704
200704
200704
200704
196608
196608
196608
196608
258048
196608
196608
196608
196608
253952
253952
253952
253952
270336
270336
270336
270336
262144
262144
262144
262144
262144
262144
262144
262144
262144
262144
262144
262144
262144
262144
262144
262144
262144
262144
262144
262144
262144
262144
212992
212992
212992
212992
270336
204800
204800
204800
204800
253952
253952
253952
253952
262144
262144
262144
262144
245760
245760
245760
245760
245760
237568
237568
237568
237568
233472
233472
233472
233472
233472
233472
233472
233472
233472
229376
229376
229376
229376
200704
200704
200704
200704
270336
131072
131072
131072
131072
241664
241664
241664
241664
258048
258048
258048
258048
229376
229376
229376
229376
229376
221184
221184
221184
221184
221184
221184
221184
221184
217088
217088
217088
217088
217088
217088
217088
217088
217088
217088
217088
217088
217088
258048
196608
196608
196608
196608
249856
249856
249856
249856
266240
266240
266240
266240
253952
253952
253952
253952
253952
233472
233472
233472
233472
221184
221184
221184
221184
221184
221184
221184
221184
221184
217088
217088
217088
217088
253952
253952
253952
253952
266240
266240
266240
266240
266240
282624
282624
282624
282624
270336
270336
270336
270336
266240
266240
266240
266240
266240
253952
253952
253952
253952
241664
241664
241664
241664
233472
233472
233472
233472
233472
196608
196608
196608
196608
163840
163840
163840
163840
249856
249856
249856
249856
249856
262144
262144
262144
262144
258048
258048
258048
258048
249856
249856
249856
249856
249856
233472
233472
233472
233472
225280
225280
225280
225280
217088
217088
217088
217088
217088
217088
217088
217088
217088
217088
217088
217088
217088
278528
278528
278528
278528
282624
290816
290816
290816
290816
278528
278528
278528
278528
274432
274432
274432
274432
274432
270336
270336
270336
270336
253952
253952
253952
253952
241664
241664
241664
241664
278528
188416
188416
188416
188416
167936
167936
167936
167936
274432
274432
274432
274432
294912
294912
294912
294912
294912
278528
278528
278528
278528
278528
278528
278528
278528
278528
278528
278528
278528
278528
266240
266240
266240
266240
266240
266240
266240
266240
282624
225280
225280
225280
225280
225280
225280
225280
225280
270336
270336
270336
270336
258048
258048
258048
258048
258048
258048
258048
258048
258048
237568
237568
237568
237568
237568
237568
237568
237568
237568
237568
237568
237568
237568
233472
233472
233472
233472
274432
159744
159744
159744
270336
270336
270336
270336
270336
286720
286720
286720
286720
278528
278528
278528
278528
278528
278528
278528
278528
278528
278528
278528
278528
278528
245760
245760
245760
245760
229376
229376
229376
229376
229376
225280
225280
225280
225280
274432
274432
274432
274432
286720
286720
286720
286720
286720
303104
303104
303104
303104
294912
294912
294912
294912
294912
294912
294912
294912
294912
286720
286720
286720
286720
286720
286720
286720
286720
266240
266240
266240
266240
266240
233472
233472
233472
233472
286720
233472
233472
233472
282624
282624
282624
282624
282624
294912
294912
294912
294912
290816
290816
290816
290816
278528
278528
278528
278528
278528
278528
278528
278528
278528
274432
274432
274432
274432
262144
262144
262144
262144
262144
159744
159744
159744
159744
278528
155648
155648
155648
266240
266240
266240
266240
266240
282624
282624
282624
282624
278528
278528
278528
278528
274432
274432
274432
274432
274432
253952
253952
253952
253952
253952
253952
253952
253952
249856
249856
249856
249856
249856
221184
221184
221184
221184
217088
217088
217088
217088
270336
270336
270336
270336
286720
286720
286720
286720
286720
274432
274432
274432
274432
270336
270336
270336
270336
270336
266240
266240
266240
266240
262144
262144
262144
262144
249856
249856
249856
249856
278528
278528
278528
278528
278528
294912
294912
294912
294912
311296
311296
311296
311296
319488
327680
327680
327680
327680
323584
323584
323584
323584
315392
315392
315392
315392
315392
307200
307200
307200
307200
303104
303104
303104
303104
299008
299008
299008
299008
315392
167936
167936
167936
167936
167936
167936
167936
167936
286720
286720
286720
286720
299008
299008
299008
299008
299008
294912
294912
294912
294912
286720
286720
286720
286720
274432
274432
274432
274432
274432
266240
266240
266240
266240
266240
266240
266240
266240
286720
286720
286720
286720
286720
303104
172032
172032
172032
278528
278528
278528
278528
253952
253952
253952
253952
253952
245760
245760
245760
245760
245760
245760
245760
245760
237568
237568
237568
237568
217088
217088
217088
217088
217088
208896
208896
208896
208896
290816
290816
290816
290816
303104
303104
303104
303104
303104
315392
315392
315392
315392
299008
299008
299008
299008
290816
290816
290816
290816
290816
278528
278528
278528
278528
258048
258048
258048
258048
253952
253952
253952
253952
253952
253952
253952
253952
253952
307200
237568
237568
237568
303104
303104
303104
303104
303104
315392
315392
315392
315392
315392
315392
315392
315392
303104
303104
303104
303104
303104
299008
299008
299008
299008
282624
282624
282624
282624
282624
282624
282624
282624
282624
245760
245760
245760
245760
303104
167936
167936
167936
294912
294912
294912
294912
294912
307200
307200
307200
307200
299008
299008
299008
299008
294912
294912
294912
294912
294912
290816
290816
290816
290816
274432
274432
274432
274432
274432
274432
274432
274432
274432
188416
188416
188416
188416
307200
172032
172032
172032
294912
294912
294912
294912
294912
311296
311296
311296
311296
307200
307200
307200
307200
294912
294912
294912
294912
286720
286720
286720
286720
286720
282624
282624
282624
282624
282624
282624
282624
282624
282624
249856
249856
249856
249856
303104
172032
172032
172032
299008
299008
299008
299008
315392
315392
315392
315392
315392
303104
303104
303104
303104
299008
299008
299008
299008
299008
299008
299008
299008
299008
299008
299008
299008
299008
290816
290816
290816
290816
303104
245760
245760
245760
245760
1024000
221184
221184
221184
323584
323584
323584
323584
335872
335872
335872
335872
335872
323584
323584
323584
323584
319488
319488
319488
319488
311296
311296
311296
311296
311296
307200
307200
307200
307200
299008
299008
299008
299008
315392
286720
286720
286720
319488
258048
258048
258048
258048
307200
307200
307200
307200
323584
323584
323584
323584
290816
290816
290816
290816
290816
286720
286720
286720
286720
278528
278528
278528
278528
274432
274432
274432
274432
274432
266240
266240
266240
266240
253952
253952
253952
253952
315392
192512
192512
192512
299008
299008
299008
299008
299008
311296
311296
311296
311296
299008
299008
299008
299008
299008
286720
286720
286720
286720
274432
274432
274432
274432
249856
249856
249856
249856
237568
237568
237568
237568
237568
192512
192512
192512
192512
307200
188416
188416
188416
303104
303104
303104
303104
303104
315392
315392
315392
315392
286720
286720
286720
286720
278528
278528
278528
278528
278528
270336
270336
270336
270336
266240
266240
266240
266240
266240
266240
266240
266240
266240
204800
204800
204800
204800
315392
188416
188416
188416
307200
307200
307200
307200
307200
319488
319488
319488
319488
311296
311296
311296
311296
311296
311296
311296
311296
311296
303104
303104
303104
303104
299008
299008
299008
299008
274432
274432
274432
274432
311296
253952
253952
253952
253952
311296
184320
184320
184320
299008
299008
299008
299008
290816
290816
290816
290816
290816
286720
286720
286720
286720
274432
274432
274432
274432
270336
270336
270336
270336
270336
266240
266240
266240
266240
266240
266240
266240
266240
303104
262144
262144
262144
262144
315392
253952
253952
253952
311296
311296
311296
311296
307200
307200
307200
307200
307200
290816
290816
290816
290816
258048
258048
258048
258048
245760
245760
245760
245760
245760
245760
245760
245760
245760
221184
221184
221184
221184
303104
192512
192512
192512
303104
184320
184320
184320
184320
303104
303104
303104
303104
303104
303104
303104
303104
294912
294912
294912
294912
294912
286720
286720
286720
286720
258048
258048
258048
258048
258048
258048
258048
258048
258048
184320
184320
184320
184320
921600
184320
184320
184320
692224
692224
692224
692224
1466368
1466368
1466368
1466368
1466368
1478656
1478656
1478656
1478656
1495040
1495040
1495040
1495040
1507328
1507328
1507328
1507328
1519616
1519616
1519616
1519616
1519616
1536000
1536000
1536000
1536000
1548288
1548288
1548288
1548288
1564672
1564672
1564672
1564672
1564672
1581056
1581056
1581056
1581056
1593344
1593344
1593344
1593344
1609728
1609728
1609728
1609728
1622016
1622016
1622016
1622016
1622016
1638400
1638400
1638400
1638400
1650688
1650688
1650688
1650688
1667072
1667072
1667072
1667072
1679360
1679360
1679360
1679360
1679360
1691648
1691648
1691648
1691648
1708032
1708032
1708032
1708032
1720320
1720320
1720320
1720320
1736704
1736704
1736704
1736704
1736704
1748992
1748992
1748992
1748992
1761280
1761280
1761280
1761280
1777664
1777664
1777664
1777664
1777664
1789952
1789952
1789952
1789952
1806336
1806336
1806336
1806336
1818624
1818624
1818624
1818624
1830912
1830912
1830912
1830912
1830912
1847296
1847296
1847296
1847296
1863680
1863680
1863680
1863680
1880064
1880064
1880064
1880064
1892352
1892352
1892352
1892352
1892352
1908736
1908736
1908736
1908736
1921024
1921024
1921024
1921024
1933312
1933312
1933312
1933312
1949696
1949696
1949696
1949696
1949696
1961984
1961984
1961984
1961984
1974272
1974272
1974272
1974272
1986560
1986560
1986560
1986560
1986560
2002944
2002944
2002944
2002944
2015232
2015232
2015232
2015232
2027520
2027520
2027520
2027520
2043904
2043904
2043904
2043904
2043904
2056192
2056192
2056192
2056192
2072576
2072576
2072576
2072576
2084864
2084864
2084864
2084864
2097152
2097152
2097152
2097152
2097152
2113536
2113536
2113536
2113536
2125824
2125824
2125824
2125824
2142208
2142208
2142208
2142208
2158592
2158592
2158592
2158592
2158592
2170880
2170880
2170880
2170880
2187264
2187264
2187264
2187264
2199552
2199552
2199552
2199552
2215936
2215936
2215936
2215936
2215936
2228224
2228224
2228224
2228224
2244608
2244608
2244608
2244608
2256896
2256896
2256896
2256896
2269184
2269184
2269184
2269184
2269184
2285568
2285568
2285568
2285568
2297856
2297856
2297856
2297856
2314240
2314240
2314240
2314240
2314240
2326528
2326528
2326528
2326528
2338816
2338816
2338816
2338816
2355200
2355200
2355200
2355200
2367488
2367488
2367488
2367488
2367488
2383872
2383872
2383872
2383872
2396160
2396160
2396160
2396160
2408448
2408448
2408448
2408448
2424832
2424832
2424832
2424832
2424832
2441216
2441216
2441216
2441216
2457600
2457600
2457600
2457600
2469888
2469888
2469888
2469888
2486272
2486272
2486272
2486272
2486272
2547712
2547712
2547712
2547712
2719744
2719744
2719744
2719744
2744320
2744320
2744320
2744320
2744320
2756608
2756608
2756608
2756608
2768896
2768896
2768896
2768896
2785280
2785280
2785280
2785280
2797568
2797568
2797568
2797568
2797568
2813952
2813952
2813952
2813952
2830336
2830336
2830336
2830336
2842624
2842624
2842624
2842624
2859008
2859008
2859008
2859008
2859008
2871296
2871296
2871296
2871296
2891776
2891776
2891776
2891776
2904064
2904064
2904064
2904064
2916352
2916352
2916352
2916352
2916352
2932736
2932736
2932736
2932736
2945024
2945024
2945024
2945024
2957312
2957312
2957312
2957312
2973696
2973696
2973696
2973696
2973696
2985984
2985984
2985984
2985984
2998272
2998272
2998272
2998272
3014656
3014656
3014656
3014656
3031040
3031040
3031040
3031040
3031040
3047424
3047424
3047424
3047424
3059712
3059712
3059712
3059712
3072000
3072000
3072000
3072000
3072000
3088384
3088384
3088384
3088384
3100672
3100672
3100672
3100672
3112960
3112960
3112960
3112960
3129344
3129344
3129344
3129344
3129344
3309568
3309568
3309568
3309568
3325952
3325952
3325952
3325952
3342336
3342336
3342336
3342336
3354624
3354624
3354624
3354624
3354624
3371008
3371008
3371008
3371008
3383296
3383296
3383296
3383296
3395584
3395584
3395584
3395584
3411968
3411968
3411968
3411968
3411968
3424256
3424256
3424256
3424256
3440640
3440640
3440640
3440640
3452928
3452928
3452928
3452928
3469312
3469312
3469312
3469312
3469312
3481600
3481600
3481600
3481600
3493888
3493888
3493888
3493888
3510272
3510272
3510272
3510272
3510272
3522560
3522560
3522560
3522560
3534848
3534848
3534848
3534848
3551232
3551232
3551232
3551232
3563520
3563520
3563520
3563520
3563520
3579904
3579904
3579904
3579904
3592192
3592192
3592192
3592192
3604480
3604480
3604480
3604480
3620864
3620864
3620864
3620864
3620864
3633152
3633152
3633152
3633152
3649536
3649536
3649536
3649536
3661824
3661824
3661824
3661824
3674112
3674112
3674112
3674112
3674112
3690496
3690496
3690496
3690496
3706880
3706880
3706880
3706880
3723264
3723264
3723264
3723264
3735552
3735552
3735552
3735552
3735552
3747840
3747840
3747840
3747840
3764224
3764224
3764224
3764224
3776512
3776512
3776512
3776512
3776512
3788800
3788800
3788800
3788800
3813376
3813376
3813376
3813376
3825664
3825664
3825664
3825664
3842048
3842048
3842048
3842048
3842048
3858432
3858432
3858432
3858432
3870720
3870720
3870720
3870720
3887104
3887104
3887104
3887104
3899392
3899392
3899392
3899392
3899392
3915776
3915776
3915776
3915776
3928064
3928064
3928064
3928064
3989504
3989504
3989504
3989504
4005888
4005888
4005888
4005888
4005888
4018176
4018176
4018176
4018176
4030464
4030464
4030464
4030464
4046848
4046848
4046848
4046848
4046848
4059136
4059136
4059136
4059136
4075520
4075520
4075520
4075520
4087808
4087808
4087808
4087808
4100096
4100096
4100096
4100096
4100096
4116480
4116480
4116480
4116480
4128768
4128768
4128768
4128768
4145152
4145152
4145152
4145152
4157440
4157440
4157440
4157440
4157440
4169728
4169728
4169728
4169728
4186112
4186112
4186112
4186112
4202496
4202496
4202496
4202496
4218880
4218880
4218880
4218880
4218880
4231168
4231168
4231168
4231168
4243456
4243456
4243456
4243456
4259840
4259840
4259840
4259840
4259840
4272128
4272128
4272128
4272128
4284416
4284416
4284416
4284416
4300800
4300800
4300800
4300800
4313088
4313088
4313088
4313088
4313088
4329472
4329472
4329472
4329472
4341760
4341760
4341760
4341760
4354048
4354048
4354048
4354048
4370432
4370432
4370432
4370432
4370432
4382720
4382720
4382720
4382720
4399104
4399104
4399104
4399104
4411392
4411392
4411392
4411392
4423680
4423680
4423680
4423680
4423680
4440064
4440064
4440064
4440064
4452352
4452352
4452352
4452352
4468736
4468736
4468736
4468736
4485120
4485120
4485120
4485120
4485120
4493312
4493312
4493312
4493312
4509696
4509696
4509696
4509696
4521984
4521984
4521984
4521984
4538368
4538368
4538368
4538368
4538368
4550656
4550656
4550656
4550656
4562944
4562944
4562944
4562944
4579328
4579328
4579328
4579328
4591616
4591616
4591616
4591616
4591616
4608000
4608000
4608000
4608000
4620288
4620288
4620288
4620288
4632576
4632576
4632576
4632576
4648960
4648960
4648960
4648960
4648960
4661248
4661248
4661248
4661248
4677632
4677632
4677632
4677632
4689920
4689920
4689920
4689920
4702208
4702208
4702208
4702208
4702208
4718592
4718592
4718592
4718592
4730880
4730880
4730880
4730880
4743168
4743168
4743168
4743168
4759552
4759552
4759552
4759552
4759552
4775936
4775936
4775936
4775936
4792320
4792320
4792320
4792320
4804608
4804608
4804608
4804608
4816896
4816896
4816896
4816896
4816896
4833280
4833280
4833280
4833280
4845568
4845568
4845568
4845568
4861952
4861952
4861952
4861952
4861952
4874240
4874240
4874240
4874240
4886528
4886528
4886528
4886528
4902912
4902912
4902912
4902912
4915200
4915200
4915200
4915200
4915200
4931584
4931584
4931584
4931584
4943872
4943872
4943872
4943872
4956160
4956160
4956160
4956160
4972544
4972544
4972544
4972544
4972544
4984832
4984832
4984832
4984832
5001216
5001216
5001216
5001216
5066752
5066752
5066752
5066752
5083136
5083136
5083136
5083136
5083136
5095424
5095424
5095424
5095424
5111808
5111808
5111808
5111808
5128192
5128192
5128192
5128192
5140480
5140480
5140480
5140480
5140480
5152768
5152768
5152768
5152768
5169152
5169152
5169152
5169152
5181440
5181440
5181440
5181440
5197824
5197824
5197824
5197824
5197824
5210112
5210112
5210112
5210112
5222400
5222400
5222400
5222400
5238784
5238784
5238784
5238784
5251072
5251072
5251072
5251072
5251072
5267456
5267456
5267456
5267456
5279744
5279744
5279744
5279744
5292032
5292032
5292032
5292032
5292032
5308416
5308416
5308416
5308416
5320704
5320704
5320704
5320704
5337088
5337088
5337088
5337088
5349376
5349376
5349376
5349376
5349376
5361664
5361664
5361664
5361664
5378048
5378048
5378048
5378048
5390336
5390336
5390336
5390336
5410816
5410816
5410816
5410816
5410816
5423104
5423104
5423104
5423104
5435392
5435392
5435392
5435392
5451776
5451776
5451776
5451776
5464064
5464064
5464064
5464064
5464064
5476352
5476352
5476352
5476352
5496832
5496832
5496832
5496832
5509120
5509120
5509120
5509120
5525504
5525504
5525504
5525504
5525504
5537792
5537792
5537792
5537792
5550080
5550080
5550080
5550080
5566464
5566464
5566464
5566464
5578752
5578752
5578752
5578752
5578752
5591040
5591040
5591040
5591040
5603328
5603328
5603328
5603328
5615616
5615616
5615616
5615616
5632000
5632000
5632000
5632000
5632000
5644288
5644288
5644288
5644288
5660672
5660672
5660672
5660672
5672960
5672960
5672960
5672960
5685248
5685248
5685248
5685248
5685248
5701632
5701632
5701632
5701632
5713920
5713920
5713920
5713920
5726208
5726208
5726208
5726208
5742592
5742592
5742592
5742592
5742592
5754880
5754880
5754880
5754880
5771264
5771264
5771264
5771264
5787648
5787648
5787648
5787648
5799936
5799936
5799936
5799936
5799936
5816320
5816320
5816320
5816320
5828608
5828608
5828608
5828608
5844992
5844992
5844992
5844992
5857280
5857280
5857280
5857280
5857280
5869568
5869568
5869568
5869568
5885952
5885952
5885952
5885952
5898240
5898240
5898240
5898240
5910528
5910528
5910528
5910528
5926912
5926912
5926912
5926912
5926912
5939200
5939200
5939200
5939200
5955584
5955584
5955584
5955584
5967872
5967872
5967872
5967872
5980160
5980160
5980160
5980160
5980160
5996544
5996544
5996544
5996544
6008832
6008832
6008832
6008832
6025216
6025216
6025216
6025216
6037504
6037504
6037504
6037504
6037504
6049792
6049792
6049792
6049792
6070272
6070272
6070272
6070272
6082560
6082560
6082560
6082560
6094848
6094848
6094848
6094848
6094848
6156288
6156288
6156288
6156288
6172672
6172672
6172672
6172672
6184960
6184960
6184960
6184960
6197248
6197248
6197248
6197248
6197248
6213632
6213632
6213632
6213632
6225920
6225920
6225920
6225920
6242304
6242304
6242304
6242304
6254592
6254592
6254592
6254592
6254592
6266880
6266880
6266880
6266880
6283264
6283264
6283264
6283264
6295552
6295552
6295552
6295552
6307840
6307840
6307840
6307840
6307840
6348800
6348800
6348800
6348800
6369280
6369280
6369280
6369280
6389760
6389760
6389760
6389760
6402048
6402048
6402048
6402048
6402048
6414336
6414336
6414336
6414336
6430720
6430720
6430720
6430720
6443008
6443008
6443008
6443008
6459392
6459392
6459392
6459392
6459392
6471680
6471680
6471680
6471680
6483968
6483968
6483968
6483968
6500352
6500352
6500352
6500352
6512640
6512640
6512640
6512640
6512640
6524928
6524928
6524928
6524928
6541312
6541312
6541312
6541312
6553600
6553600
6553600
6553600
6569984
6569984
6569984
6569984
6569984
6582272
6582272
6582272
6582272
7000064
7000064
7000064
7000064
7024640
7024640
7024640
7024640
7036928
7036928
7036928
7036928
7036928
7049216
7049216
7049216
7049216
7069696
7069696
7069696
7069696
7081984
7081984
7081984
7081984
7098368
7098368
7098368
7098368
7098368
7110656
7110656
7110656
7110656
7118848
7118848
7118848
7118848
7135232
7135232
7135232
7135232
7147520
7147520
7147520
7147520
7163904
7163904
7163904
7163904
7163904
7176192
7176192
7176192
7176192
7188480
7188480
7188480
7188480
7204864
7204864
7204864
7204864
7204864
7217152
7217152
7217152
7217152
7229440
7229440
7229440
7229440
7245824
7245824
7245824
7245824
7258112
7258112
7258112
7258112
7258112
7274496
7274496
7274496
7274496
7286784
7286784
7286784
7286784
7299072
7299072
7299072
7299072
7315456
7315456
7315456
7315456
7315456
7327744
7327744
7327744
7327744
7340032
7340032
7340032
7340032
7360512
7360512
7360512
7360512
7372800
7372800
7372800
7372800
7372800
7389184
7389184
7389184
7389184
7401472
7401472
7401472
7401472
7413760
7413760
7413760
7413760
7430144
7430144
7430144
7430144
7430144
7442432
7442432
7442432
7442432
7454720
7454720
7454720
7454720
7471104
7471104
7471104
7471104
7483392
7483392
7483392
7483392
7483392
7499776
7499776
7499776
7499776
7512064
7512064
7512064
7512064
7524352
7524352
7524352
7524352
7540736
7540736
7540736
7540736
7540736
7553024
7553024
7553024
7553024
7565312
7565312
7565312
7565312
7581696
7581696
7581696
7581696
7593984
7593984
7593984
7593984
7593984
7610368
7610368
7610368
7610368
7622656
7622656
7622656
7622656
7639040
7639040
7639040
7639040
7700480
7700480
7700480
7700480
7700480
7712768
7712768
7712768
7712768
7729152
7729152
7729152
7729152
7741440
7741440
7741440
7741440
7757824
7757824
7757824
7757824
7757824
7770112
7770112
7770112
7770112
7782400
7782400
7782400
7782400
7798784
7798784
7798784
7798784
7811072
7811072
7811072
7811072
7811072
7823360
7823360
7823360
7823360
7839744
7839744
7839744
7839744
7852032
7852032
7852032
7852032
7868416
7868416
7868416
7868416
7868416
7880704
7880704
7880704
7880704
7892992
7892992
7892992
7892992
7909376
7909376
7909376
7909376
7909376
7921664
7921664
7921664
7921664
7933952
7933952
7933952
7933952
7950336
7950336
7950336
7950336
7962624
7962624
7962624
7962624
7962624
7983104
7983104
7983104
7983104
7995392
7995392
7995392
7995392
8007680
8007680
8007680
8007680
8024064
8024064
8024064
8024064
8024064
8036352
8036352
8036352
8036352
8048640
8048640
8048640
8048640
8065024
8065024
8065024
8065024
8077312
8077312
8077312
8077312
8077312
8093696
8093696
8093696
8093696
8105984
8105984
8105984
8105984
8118272
8118272
8118272
8118272
8134656
8134656
8134656
8134656
8134656
8146944
8146944
8146944
8146944
8159232
8159232
8159232
8159232
8175616
8175616
8175616
8175616
8187904
8187904
8187904
8187904
8187904
8200192
8200192
8200192
8200192
8212480
8212480
8212480
8212480
8224768
8224768
8224768
8224768
8241152
8241152
8241152
8241152
8241152
8257536
8257536
8257536
8257536
8273920
8273920
8273920
8273920
8286208
8286208
8286208
8286208
8286208
8298496
8298496
8298496
8298496
8314880
8314880
8314880
8314880
8327168
8327168
8327168
8327168
8339456
8339456
8339456
8339456
8339456
8355840
8355840
8355840
8355840
8368128
8368128
8368128
8368128
8384512
8384512
8384512
8384512
8396800
8396800
8396800
8396800
8396800
8409088
8409088
8409088
8409088
8425472
8425472
8425472
8425472
8437760
8437760
8437760
8437760
8450048
8450048
8450048
8450048
8450048
8466432
8466432
8466432
8466432
8478720
8478720
8478720
8478720
8495104
8495104
8495104
8495104
8507392
8507392
8507392
8507392
8507392
8519680
8519680
8519680
8519680
8536064
8536064
8536064
8536064
8552448
8552448
8552448
8552448
8564736
8564736
8564736
8564736
8564736
8581120
8581120
8581120
8581120
8593408
8593408
8593408
8593408
8609792
8609792
8609792
8609792
8622080
8622080
8622080
8622080
8622080
8634368
8634368
8634368
8634368
8650752
8650752
8650752
8650752
8663040
8663040
8663040
8663040
8675328
8675328
8675328
8675328
8675328
8691712
8691712
8691712
8691712
8704000
8704000
8704000
8704000
8720384
8720384
8720384
8720384
8781824
8781824
8781824
8781824
8781824
8794112
8794112
8794112
8794112
8810496
8810496
8810496
8810496
8822784
8822784
8822784
8822784
8835072
8835072
8835072
8835072
8835072
8851456
8851456
8851456
8851456
8863744
8863744
8863744
8863744
8880128
8880128
8880128
8880128
8880128
8896512
8896512
8896512
8896512
8908800
8908800
8908800
8908800
8925184
8925184
8925184
8925184
8937472
8937472
8937472
8937472
8949760
8949760
8949760
8949760
8949760
8966144
8966144
8966144
8966144
8790016
8790016
8790016
8790016
8802304
8802304
8802304
8802304
8802304
8818688
8818688
8818688
8818688
8830976
8830976
8830976
8830976
8847360
8847360
8847360
8847360
8859648
8859648
8859648
8859648
8859648
8871936
8871936
8871936
8871936
8888320
8888320
8888320
8888320
8900608
8900608
8900608
8900608
8912896
8912896
8912896
8912896
8912896
8929280
8929280
8929280
8941568
8941568
8941568

